/*--------------------------------*- C++ -*----------------------------------*\
| =========                 |                                                 |
| \\      /  F ield         | OpenFOAM: The Open Source CFD Toolbox           |
|  \\    /   O peration     | Version:  v2012                                 |
|   \\  /    A nd           | Website:  www.openfoam.com                      |
|    \\/     M anipulation  |                                                 |
\*---------------------------------------------------------------------------*/
FoamFile
{
    version     2.0;
    format      ascii;
    class       volScalarField;
    location    "2.5";
    object      p;
}
// * * * * * * * * * * * * * * * * * * * * * * * * * * * * * * * * * * * * * //

dimensions      [1 -1 -2 0 0 0 0];


internalField   nonuniform List<scalar> 
1984
(
8519.1487123
8029.96767042
7541.17932547
7052.801689
6564.84518467
6077.3122025
5590.20862621
5103.54261458
4617.29533439
4131.4366822
3646.07021232
3161.18974213
2676.79422644
2192.86438382
1709.20124665
1226.30766383
743.478547249
293.145551668
37.0654418021
-9.62665346848
8518.70330124
8029.52242404
7540.73016932
7052.34618138
6564.38126542
6076.83509509
5589.7080846
5102.99995608
4616.73082246
4130.94611249
3645.58699496
3160.69421128
2676.2925271
2192.37644267
1708.73773244
1226.24860576
744.060583383
291.914835231
33.9167344514
-9.61895037663
8517.87447229
8028.6939078
7539.89877834
7051.51102415
6563.54051434
6075.98714279
5588.85355686
5102.14429581
4615.87250695
4130.02664093
3644.62213306
3159.67529873
2675.21505622
2191.3055693
1707.44894611
1225.39857445
742.848164186
290.468739462
32.9476769313
-9.61810807324
8516.63815209
8027.4576205
7538.65805376
7050.26412997
6562.28501587
6074.72045394
5587.57282742
5100.8491345
4614.56366588
4128.65360462
3643.18007965
3158.13962891
2673.54111639
2189.40804077
1705.7072177
1223.81109757
738.330020641
286.892960373
31.1987995325
-9.62101475221
8514.99299821
8025.81079581
7537.00576758
7048.6038272
6560.61350575
6073.03387132
5585.86452959
5099.10389621
4612.74051291
4126.82449155
3641.28800313
3156.13883789
2671.3719491
2186.97916078
1702.94040165
1219.41181965
733.636365081
282.629058435
29.6916918516
-9.61730457167
8512.94155583
8023.75652448
7534.94566821
7046.53466538
6558.53171382
6070.93605844
5583.74632816
5096.96058628
4610.57513509
4124.60468426
3638.99371463
3153.73627119
2668.80091744
2184.13894236
1699.65229085
1215.2014618
729.92365156
278.106179389
28.2778237228
-9.6349765126
8510.48671975
8021.29823093
7532.48106372
7044.06022972
6556.04395378
6068.43193372
5581.22307846
5094.41498559
4608.00357173
4121.98373803
3636.33159641
3150.98744842
2665.92537635
2181.07188459
1696.29927219
1211.44435313
726.16823661
274.171623079
26.7399675879
-9.71658768931
8507.63146963
8018.43903256
7529.61484431
7041.18325985
6553.15293424
6065.52450689
5578.29746548
5091.46988711
4605.03614833
4118.98703723
3633.33039715
3147.92819929
2662.80875782
2177.87551342
1692.99482933
1208.00907929
722.703839173
271.096927009
25.5655364027
-10.0205398288
8504.37897504
8015.18202541
7526.34972827
7037.90600351
6549.86032385
6062.21472052
5574.97001567
5088.12546342
4601.67574144
4115.60615717
3629.88830676
3144.55879692
2659.47366654
2174.58429958
1689.76486739
1204.86518128
719.679947277
268.640305593
24.2180194941
-11.1715583044
8500.73280723
8011.53050715
7522.68851021
7034.23042397
6546.16700344
6058.50213358
5571.23870622
5084.3792033
4597.92168753
4111.86029373
3626.18261024
3140.87989499
2655.91322898
2171.18751763
1686.59156962
1201.99044295
717.129723068
266.653139899
22.1438115233
-14.0503828385
8496.69716468
8007.48831673
7518.63422535
7030.15845488
6542.07319702
6054.38457496
5567.09855552
5080.22159088
4593.75857358
4107.71239583
3622.08470049
3136.86927421
2652.05749334
2167.63532467
1683.40675168
1199.33853151
715.085734571
265.223269756
21.1080008652
-14.683902369
8492.27710863
8003.06010301
7514.19061171
7025.69240851
6537.57914936
6049.85944789
5562.54269064
5075.64044684
4589.16502066
4103.1321056
3617.55603663
3132.45091901
2647.82558696
2163.66407854
1680.05465446
1196.81755796
713.755483712
265.978809706
23.8979934703
-10.8329917992
8487.4791849
7998.25174767
7509.36265127
7020.83573589
6532.68609462
6044.92473733
5557.56479147
5070.62293627
4584.12056889
4098.08528174
3612.5490738
3127.55284594
2643.142344
2159.37656709
1676.34054509
1194.05734693
712.530821086
266.976216656
25.3927313473
-10.0585503934
8482.31213878
7993.07143221
7504.15756171
7015.59414023
6527.39749459
6039.58089976
5552.1608391
5065.15907246
4578.60497792
4092.53872564
3607.00716591
3122.08006496
2637.83766955
2154.39680644
1671.9114172
1190.56424337
710.593689678
267.682593133
26.4799024558
-9.66240496633
8476.7875052
7987.5304137
7498.58565276
7009.97659025
6521.72042353
6033.83215982
5546.33108092
5059.2432455
4572.60511747
4086.4653712
3600.88119361
3115.94873054
2631.77369474
2148.52113875
1666.40972637
1185.73239784
706.805776902
266.355242699
25.5202236058
-9.18722719454
8470.91996572
7981.64315033
7492.66080652
7003.996009
6515.66662496
6027.68793613
5540.08208561
5052.87835649
4566.11766383
4079.84899938
3594.14447758
3109.10608596
2624.86230163
2141.60110253
1659.58706325
1179.20789636
701.11942256
263.944883243
27.0568227659
-9.21511077874
8464.72725918
7975.42729427
7486.40060584
6997.66996575
6509.25152981
6021.16349879
5533.4272766
5046.07348227
4559.14230314
4072.68915245
3586.78328764
3101.52818477
2617.05623648
2133.55472349
1651.26144963
1170.47997826
691.509412984
253.913832829
21.48865494
-10.0938270855
8458.23144916
7968.90512448
7479.82733609
6991.01839876
6502.49744456
6014.27920622
5526.38519407
5038.84682317
4551.70166787
4065.00235455
3578.81773585
3093.24355263
2608.40511473
2124.46624365
1641.62176647
1160.08531132
679.973925008
243.823995063
16.6416021903
-11.7796903241
8451.45952639
7962.10295187
7472.96665545
6984.06986524
6495.43004288
6007.06010033
5518.98146859
5031.22101568
4543.81306263
4056.80417111
3570.25647813
3084.25388098
2598.90599932
2114.35168697
1630.75579712
1148.3061809
667.143624647
233.776806494
13.2612112081
-12.0849513261
8444.43821474
7955.04850103
7465.84858079
6976.8540633
6488.08044704
5999.54073789
5511.25148121
5023.23482581
4535.51918457
4048.14266428
3561.15589401
3074.62676193
2588.64366983
2103.31948721
1618.79438464
1135.25497418
652.947763873
223.382698854
11.0440399365
-10.5986404988
8437.20566749
7947.77975509
7458.50876034
6969.40761762
6480.48885077
5991.76217092
5503.23970462
5014.93773051
4526.87675187
4039.08409689
3551.59569928
3064.45925588
2577.73673183
2091.50836683
1605.87619691
1120.99168473
637.093088052
211.337308123
7.88490332393
-9.86019211182
8429.79882688
7940.33437704
7450.98809942
6961.77280693
6472.69831257
5983.77088709
5494.99767524
5006.38824824
4517.95397261
4029.70965818
3541.67471914
3053.87383843
2566.33817673
2079.10677462
1592.22571049
1105.76075195
619.804138156
198.069534872
4.34241060921
-9.66025322932
8422.25634739
7932.75166952
7443.32699121
6953.99243172
6464.7551262
5975.61778494
5486.58245398
4997.65153235
4508.82718328
4020.11127406
3531.50572961
3043.01181815
2554.62887569
2066.35121582
1578.16266957
1090.02872293
601.88111505
184.727387814
1.04419160682
-9.5943161326
8414.61898641
7925.07307154
7435.56823969
6946.11192382
6456.70847277
5967.35707546
5478.05484225
4988.79733145
4499.57772666
4010.38581481
3521.20677971
3032.02065303
2542.79810186
2053.49372896
1564.03456826
1074.29517901
584.039818289
171.918605321
-1.80364502512
-9.57499351596
8406.92858103
7917.34144254
7427.75625986
6938.1783797
6448.60922819
5959.04462267
5469.47713008
4979.89607302
4490.2865852
4000.62804286
3510.89150947
3021.0403752
2531.02398626
2040.76913457
1550.16297212
1059.0211778
566.950657369
159.993287811
-4.14259521433
-9.57928538586
8399.22599585
7909.59847083
7419.93467067
6930.23792161
6440.50704026
5950.73473162
5460.90946954
4971.01554882
4481.03119577
3990.92742003
3500.66491234
3010.19593693
2519.45906054
2028.3703909
1536.80423136
1044.56468911
551.194142948
149.378371098
-6.00581531528
-9.62321061267
8391.55230928
7901.88609922
7412.14722799
6922.33686547
6432.45145765
5942.48089311
5452.41030352
4962.21967862
4471.88191191
3981.36137287
3490.61231184
2999.58206386
2508.20874021
2016.41475323
1524.09583657
1031.11268273
537.109482508
140.662038476
-7.45093033508
-9.80791680916
8383.94265935
7894.2397481
7404.43029791
6914.5132872
6424.48323182
5934.32787236
5444.02972829
4953.56564553
4462.90442135
3972.00511278
3480.81729872
2989.28543287
2497.35335964
2004.95818311
1512.03676355
1018.55613019
524.328821524
133.942182622
-7.85394564635
-9.65444835238
8376.43293753
7886.69554538
7396.82080519
6906.80548486
6416.64265415
5926.31837475
5435.81352977
4945.10257667
4454.1508983
3962.91344042
3471.33768426
2979.36247382
2486.93458272
1994.00316854
1500.54428915
1006.62118077
512.329653871
128.123944849
-8.13342966198
-9.59426347564
8369.05710939
7879.28664632
7389.35243268
6899.24812735
6408.96557904
5918.48986768
5427.80124679
4936.87301615
4445.66814887
3954.13824651
3462.22638513
2969.86338022
2476.98817469
1983.54136183
1489.50536278
994.963856775
500.165886871
121.95872822
-8.48774704191
-9.57243145629
8361.84566488
7872.04245177
7382.05502575
6891.87195464
6401.48350902
5910.87440672
5420.02584395
4928.91160871
4437.49368956
3945.72129986
3453.53279024
2960.84561844
2467.57651075
1973.62473355
1478.9132658
983.433262475
487.133438718
114.416213229
-8.87618393409
-9.56002515302
8354.82900744
7864.98543742
7374.9557669
6884.70377226
6394.22386189
5903.49804168
5412.51272476
4921.2441027
4429.65508802
3937.69647142
3445.30294139
2952.37594309
2458.80398806
1964.42406018
1469.04009348
972.414160561
474.106597381
105.954036614
-9.01082662954
-9.55667539885
8348.04320282
7858.12793448
7368.07820439
6877.76603146
6387.2121995
5896.38024125
5405.278073
4913.88477222
4422.16678586
3930.08262842
3437.56969202
2944.51442835
2450.79107873
1956.1921213
1460.40436107
963.206738771
464.706254397
99.7791653095
-9.02123101741
-9.5626437419
8341.47318874
7851.56767179
7361.45214351
6871.07740924
6380.43732534
5889.5217486
5398.32534607
4906.83377422
4415.02417623
3922.87410838
3430.34434909
2937.28752231
2443.61886319
1949.11416101
1453.44628369
957.283738711
458.196302371
96.9097206814
-9.00580592205
-9.58366361681
8335.16755545
7845.25128116
7355.08813617
6864.65359646
6373.9394888
5882.94432161
5391.6653621
4900.0983808
4408.23480787
3916.06064168
3423.55035942
2930.6361589
2437.24165055
1943.21952645
1448.47599414
954.16625265
456.975229964
97.5272054737
-8.96830819213
-9.62004688036
8329.14308707
7839.20764482
7349.00195682
6858.50919481
6367.72342197
5876.64890202
5385.28940424
4893.65087572
4401.74053844
3909.56552675
3417.1356461
2924.45623906
2431.5556364
1938.46012854
1445.21204501
953.261092921
460.70793558
101.979913393
-8.82502907231
-9.60188307716
8323.41728786
7833.45856029
7343.21005901
6852.65729277
6361.79665734
5870.63622668
5379.1871693
4887.46591326
4395.49494127
3903.30669889
3410.95077263
2918.49602552
2426.05991419
1933.82669342
1442.09769362
951.879101141
464.251894836
107.797154195
-8.46218833097
-9.60488841619
8318.00773487
7828.02360752
7337.7295877
6847.11196657
6356.16799004
5864.90887846
5373.35079631
4881.5187308
4389.44798973
3897.19118789
3404.82833886
2912.47130333
2420.30080887
1928.58904623
1437.74877567
948.45619209
463.622423364
110.23151839
-8.23424895019
-9.5690778121
8312.93302687
7822.92157374
7332.57864924
6841.88940446
6350.85071294
5859.47460583
5367.77989529
4875.79543076
4383.56484644
3891.15260691
3398.65415841
2906.20211278
2414.00405004
1922.35769184
1431.69286271
942.653969974
459.818547778
108.80827963
-8.66378183237
-9.54531767782
8308.21361936
7818.17305088
7327.77751837
6837.00962848
6345.86392003
5854.35027561
5362.48610492
4870.30032962
4377.83795476
3885.16532712
3392.3808907
2899.61584569
2407.07862456
1915.082746
1424.05331929
934.654760805
451.807655302
104.174955335
-9.02094831546
-9.54476408002
8303.87102759
7813.80015709
7323.3495536
6832.49734342
6341.23401735
5849.56354274
5357.49757165
4865.06017493
4372.29181465
3879.25715247
3386.04798683
2892.78682902
2399.64284706
1906.86348489
1414.83545913
924.21455808
439.396460809
96.4551865924
-9.12045341577
-9.56054968859
8299.92574153
7809.82522042
7319.31981932
6828.38216734
6336.99528171
5845.15442012
5352.85962332
4860.12336872
4366.97920571
3873.4811917
3379.71187188
2885.76987056
2391.76425987
1897.83557057
1404.19980276
910.970670655
421.900191459
84.7045144014
-9.10419212123
-9.58405595301
8296.39777489
7806.27071027
7315.71547059
6824.69713693
6333.19039428
5841.1747228
5348.63330168
4855.55970959
4361.97254879
3867.91729953
3373.47004179
2878.71943506
2383.72798521
1888.56370111
1393.26823843
897.11255164
403.512174035
73.0126772854
-9.02685110143
-9.57469949127
8293.30431424
7803.15648497
7312.56160464
6821.47766066
6329.86709918
5837.69166302
5344.90288426
4851.46415478
4357.37408407
3862.66968234
3367.42768939
2871.75734567
2375.72034116
1879.40110807
1382.82007908
884.643640629
389.357294636
66.5655449523
-8.97587228109
-9.56100078521
8290.66006427
7800.49940138
7309.88013227
6818.75459568
6327.07461126
5834.78017089
5341.77716305
4847.96651748
4353.30864576
3857.84381666
3361.63971018
2864.92079804
2367.8256161
1870.45211827
1373.28398189
875.505065272
384.712811504
66.9758046464
-9.01038205135
-9.56383151408
8288.47224907
7798.30844944
7307.68422396
6816.54892758
6324.84830093
5832.50427998
5339.36355243
4845.21213917
4349.91632308
3853.57724729
3356.22852393
2858.22409189
2359.71973067
1861.05201263
1363.63265276
868.059043903
385.188052785
71.9247207045
-9.15492366863
-9.57016198498
8286.74106789
7796.58457646
7305.97831339
6814.87522787
6323.22313849
5830.91975375
5337.73803881
4843.34464974
4347.2389187
3849.90037221
3351.25483126
2850.59615593
2349.96519398
1850.06113298
1351.83039084
856.572775373
378.338489953
73.5702527316
-9.33709331108
-9.56253029818
8285.45835088
7795.31701766
7304.75021214
6813.73365434
6322.25508585
5830.23631192
5337.43123093
4842.8788984
4345.40165725
3846.15118184
3342.33812869
2830.15818578
2336.62456513
1838.3104912
1337.16281358
835.311742971
351.957867522
58.6275980201
-9.25913629692
-9.53394770636
8284.60907421
7794.47955602
7303.93892057
6812.97276398
6321.58885599
5829.86303774
5337.87912193
4844.48278055
2331.32520505
1829.21970631
1321.76387019
806.677377035
312.550212838
37.5776239486
-8.89343527089
-9.44786143718
8284.19064763
7794.07221418
7303.55993202
6812.65693832
6321.42170489
5829.96823123
5338.44911095
4846.95944343
2328.77143722
1824.28930816
1310.73373458
782.145754226
278.347474534
24.4374640037
-8.21479490745
-9.40374520178
8284.19246679
7794.07447641
7303.56304179
6812.66116385
6321.42712493
5829.97527469
5338.45692184
4846.96791997
2328.7695984
1824.28480607
1310.72482175
782.124841164
278.315206687
24.4239559355
-8.21437734625
-9.40360100633
8284.61475529
7794.48646176
7303.94821721
6812.98533742
6321.60498654
5829.8814224
5337.90026048
4844.50562688
2331.31627467
1829.20383956
1321.74078991
806.644107798
312.514030256
37.5614710939
-8.89358952961
-9.44788219925
8285.46842925
7795.32884289
7304.76550173
6813.75360865
6322.28008978
5830.2661531
5337.46467165
4842.91521687
4345.44017485
3846.18520562
3342.36190785
2830.16792443
2336.6225829
1838.29898009
1337.14367077
835.285135043
351.934603261
58.6188305715
-9.25974378047
-9.53410008957
8286.75591799
7796.60150695
7305.99942255
6814.90203515
6323.25623003
5830.95870925
5337.78149096
4843.38960832
4347.28267575
3849.93794547
3351.28207484
2850.60968647
2349.96392009
1850.0482902
1351.81262956
856.55217417
378.324969704
73.5682293845
-9.33743592229
-9.56261294885
8288.49296073
7798.33140585
7307.71171652
6816.58255455
6324.88854239
5832.5503516
5339.41353769
4845.26321479
4349.96519573
3853.61963679
3356.26071248
2858.24333649
2359.72472003
1861.04580287
1363.62073187
868.044390665
385.179236871
71.9240240932
-9.15502888983
-9.57019422186
8290.68815807
7800.52979606
7309.91515828
6818.79580894
6327.12234936
5834.83335706
5341.83363382
4848.02333651
4353.36236811
3857.8908272
3361.67687676
2864.94635477
2367.83966065
1870.45666406
1373.28175646
875.497222877
384.70577437
66.9742432917
-9.01036727828
-9.56383021547
8293.34173799
7803.1962137
7312.60586154
6821.52786548
6329.92359477
5837.75285934
5344.96635713
4851.5268556
4357.43268779
3862.72133141
3367.47030576
2871.79033151
2375.74457365
1879.41753261
1382.8288942
884.642296946
389.35036553
66.5625195706
-8.97578305357
-9.56096757093
8296.44683438
7806.32190743
7315.77087977
6824.75826824
6333.25670457
5841.24542639
5348.70493041
4855.62899044
4362.03629931
3867.97348009
3373.51763967
2878.75924977
2383.76138342
1888.5909681
1393.28773286
897.117077298
403.504157659
73.00831427
-9.02667331644
-9.57463722145
8299.99017841
7809.89127872
7319.38933304
6828.45592944
6337.07329617
5845.23481894
5352.93966433
4860.19997851
4367.04811067
3873.54113442
3379.76242696
2885.81379401
2391.80357186
1897.87016267
1404.22689625
910.979979383
421.892163265
84.6978460269
-9.10390921693
-9.58396075336
8303.9535788
7813.88370271
7323.43523924
6832.58576444
6341.32466487
5849.65490571
5357.58691099
4865.14405008
4372.36769371
3879.32291103
3386.10407294
2892.8377568
2399.69063812
1906.90627034
1414.86972187
924.227753851
439.389526278
96.4458826079
-9.12024321832
-9.56044659298
8308.3166695
7818.27634368
7327.88148162
6837.11428954
6345.96861242
5854.45346335
5362.58532061
4870.39232895
4377.91994573
3885.23679813
3392.44123705
2899.67155288
2407.13072857
1915.12850852
1424.08834371
934.666211307
451.799484446
104.163194354
-9.02113101213
-9.54471601881
8313.05840624
7823.04635271
7332.70252828
6842.01187572
6350.97083264
5859.59079368
5367.88983842
4875.89607017
4383.65366085
3891.22923514
3398.71914036
2906.2612347
2414.05742366
1922.40151942
1431.72284395
942.657945508
459.803601124
108.7920644
-8.6657071426
-9.54520230477
8318.15710869
7828.17159766
7337.87515958
6847.25402624
6356.30521319
5865.03954961
5373.47262988
4881.62884718
4389.54417529
3897.27342708
3404.89762418
2912.53290359
2420.35360651
1928.62799373
1437.76862268
948.447894809
463.592954785
110.215104603
-8.23569638952
-9.56899089106
8323.59263591
7833.6318148
7343.3794681
6852.82112632
6361.95314638
5870.78340428
5379.32269341
4887.5870278
4395.59972264
3903.39593619
3411.02552547
2918.56174
2426.11396062
1933.86199061
1442.10262528
951.885170337
464.225081667
107.775756423
-8.46322450148
-9.60480570102
8329.34762087
7839.4096084
7349.19884763
6858.69859502
6367.90296701
5876.81604859
5385.44138381
4893.78494251
4401.85585527
3909.66324896
3417.21883151
2924.53011997
2431.61684123
1938.50157545
1445.21208773
953.271759276
460.678304341
101.955660946
-8.82526483329
-9.60162647211
8335.40372912
7845.48449874
7355.31508196
6864.87121443
6374.14509611
5883.13491762
5391.83763848
4900.24911736
4408.36260061
3916.16691031
3423.64198109
2930.71931066
2437.31732398
1943.28583878
1448.48207512
954.170544851
456.944020456
97.5029598884
-8.96796584082
-9.61924882493
8341.74405185
7851.83545821
7361.71235877
6871.326222
6380.67255986
5889.74007757
5398.52262747
4907.0061882
4415.16944942
3922.98980096
3430.44954789
2937.37808486
2443.69619495
1949.17398225
1453.4689739
957.322216884
458.164404066
96.8815857506
-9.00537018712
-9.58307602547
8348.35230783
7858.43473336
7368.37574719
6878.048528
6387.4808766
5896.63128889
5405.50553393
4914.08424835
4422.33569404
3930.22204686
3437.68608082
2944.61447095
2450.87417659
1956.25436444
1460.43996516
963.218053594
464.686452722
99.7509997825
-9.02080482991
-9.56245172252
8355.17881334
7865.33170681
7375.29358666
6885.02862047
6394.53266036
5903.78640907
5412.77534676
4921.47592079
4429.8529578
3937.86111901
3445.43774827
2952.48949691
2458.89570529
1964.48995352
1469.07506637
972.40677767
474.054619474
105.916109253
-9.01027863163
-9.5564317152
8362.23997757
7872.43306245
7382.43752204
6892.24186187
6401.83638009
5911.20514021
5420.32874957
4929.18090189
4437.7253313
3945.91506146
3453.69065932
2960.97578847
2467.67835399
1973.69440632
1478.94625911
983.416630257
487.063782414
114.364484989
-8.87595857427
-9.55941229174
8369.49964311
7879.72556016
7389.78344339
6899.66659978
6409.3664484
5918.86741909
5428.14916194
4937.18463094
4445.93831152
3954.36547417
3462.41147368
2970.0131084
2477.10157279
1983.61521804
1489.53599345
994.938943037
500.083350132
121.899687676
-8.48631555725
-9.57060416201
8376.92696218
7887.18612509
7397.30371798
6907.27595059
6417.0952195
5926.74681328
5436.21087782
4945.4612588
4454.46447039
3963.1789124
3471.55467393
2979.53559326
2487.06206248
1994.08236223
1500.57252385
1006.58849609
512.235048317
128.057842358
-8.129728578
-9.58896010201
8384.49082721
7894.78472485
7404.96793856
6915.03874483
6424.99081221
5934.81094925
5444.48078484
4953.97634835
4463.26688422
3972.3143282
3481.07253802
2989.48794457
2497.5003142
2005.04658823
1512.064232
1018.51551726
524.220180765
133.870047825
-7.84745752711
-9.6276576946
8392.15639417
7902.48736424
7412.74170611
6922.91977952
6433.01703158
5943.02224906
5452.91951286
4962.68808869
4472.3010678
3981.7243922
3490.9159642
2999.8237577
2508.38451912
2016.51985784
1524.12488808
1031.05951874
536.972865401
140.565393596
-7.44468664451
-9.78731418953
8399.88660444
7910.25687062
7420.58723946
6930.88017059
6441.13333379
5951.33814333
5461.48192326
4971.54803109
4481.51466447
3991.35337702
3501.0276725
3010.49000257
2519.67794369
2028.5060625
1536.84700789
1044.50366725
551.022943724
149.239665236
-6.0193662064
-9.61783762653
8407.64281339
7918.05401371
7428.46420429
6938.87785369
6449.29529147
5959.71107686
5470.11659324
4980.50030249
4490.84674562
4001.13519555
3511.33748715
3021.41583448
2531.3173299
2040.96556477
1550.24460582
1058.96854639
566.747914182
159.806904169
-4.17352791706
-9.57665445905
8415.38488263
7925.8381781
7436.33060299
6946.86877296
6457.45599914
5968.09029157
5478.76760151
4989.48248884
4500.22726055
4010.99071922
3521.75669922
3032.50227002
2543.19342073
2053.77904754
1564.18058669
1074.26979814
583.813145831
171.668923829
-1.85557286517
-9.57039576071
8423.0707014
7933.56643497
7444.14159435
6954.80560695
6465.56472754
5976.42065596
5487.37438969
4998.4272734
4509.58021391
4020.83313301
3532.18460533
3043.63027395
2555.16148534
2066.76326926
1578.41057275
1090.06335132
601.654718819
184.425193815
0.976333476573
-9.57798139737
8430.65800625
7941.19560618
7451.85255241
6962.64118401
6473.5706209
5984.6463076
5495.87448501
5007.26367318
4518.82368186
4030.56645541
3542.50619932
3054.65909459
2567.04446335
2079.6875692
1592.62105794
1105.90114454
619.618911785
197.743335058
4.27929292274
-9.59532586076
8438.10535949
7948.68345359
7459.41966709
6970.32895643
6481.42324662
5992.71158882
5504.20538374
5015.91996672
4527.87417912
4040.0917456
3552.60180428
3065.44067401
2578.65435658
2092.30425078
1606.47370381
1121.29922297
637.004588795
211.012403348
7.92178165927
-9.6197309034
8445.37312353
7955.9895545
7466.80083419
6977.82414466
6489.07388507
6000.56260699
5512.30639938
5024.32675513
4536.65072212
4049.31246431
3562.3547614
3075.83145165
2589.81070019
2104.38070437
1619.65787744
1135.8155084
653.1086397
223.315712632
11.5758092023
-9.67535855397
8452.42371683
7963.07570672
7473.95612563
6985.08434472
6496.47684821
6008.14911207
5520.1211143
5032.41943997
4545.07795815
4058.13951745
3571.65831355
3085.70208578
2600.35617975
2115.72714999
1631.94616088
1149.18072998
667.609991531
234.314586425
15.0275152989
-9.71881719449
8459.2226776
7969.90661945
7480.84881564
6992.07097858
6503.59085925
6015.42611313
5527.59938789
5040.14106193
4553.0899039
4066.49546187
3580.41994139
3094.94265629
2610.1621765
2126.20185737
1643.20300131
1161.31469969
680.594798459
243.460113016
16.3675627916
-9.99384719895
8465.73874575
7976.45016742
7487.44627056
6998.75057842
6510.38032135
6022.35529169
5534.69938436
5047.444837
4560.63318329
4074.31732443
3588.56554623
3103.46458057
2619.12511253
2135.69136119
1653.33556153
1172.24760635
692.548032414
253.315125963
20.1091413429
-10.8460957382
8471.94372008
7982.679187
7493.72053142
7005.09257212
6516.8146767
6028.9051359
5541.38785225
5054.294981
4567.66787239
4081.55981928
3596.03999749
3111.19847755
2627.15558292
2144.07572873
1662.1815476
1181.75956174
703.069733425
263.395167065
24.7711206854
-10.1349126282
8477.81466978
7988.56995223
7499.64906693
7011.07751439
6522.87378509
6035.05518836
5547.64412861
5060.67058872
4574.17295912
4088.20077379
3602.81763641
3118.1099402
2634.1960141
2151.24817476
1669.53244857
1189.49282128
711.949905843
274.057300571
31.6515573049
-9.5536484237
8483.33773215
7994.10748843
7505.21691251
7016.68932204
6528.54234522
6040.79145273
5553.45619028
5066.56250216
4580.14307756
4094.2390562
3608.90343032
3124.20646091
2640.24379733
2157.15912491
1675.17815936
1194.69361928
716.487603627
276.010950903
31.7164920929
-9.14815061897
8488.49733426
7999.27986041
7510.41152917
7021.91644348
6533.81064063
6046.10693661
5558.82104563
5071.97338604
4585.58875064
4099.69683899
3614.33470141
3129.54678108
2645.38986864
2161.93898559
1679.29725163
1197.57023234
716.794043392
270.948005227
26.8341899635
-9.71165901063
8493.28418807
8004.07530952
7515.22299675
7026.75104008
6538.67359242
6051.0004629
5563.74300021
5076.9153661
4590.53319725
4104.61504387
3619.17779212
3134.23884385
2649.80986259
2165.88957481
1682.47796822
1199.4335648
716.42933514
267.907397183
25.1448402947
-9.43510142487
8497.6884924
8008.4857924
7519.64472003
7031.18865782
6543.12985251
6055.47502657
5568.23118979
5081.40622216
4595.00847882
4109.04280855
3623.51185517
3138.40810339
2653.71039709
2169.37008151
1685.24564139
1201.16630338
716.687727012
266.712437638
24.735625182
-9.49038878535
8501.70438073
8012.50612509
7523.67270271
7035.22734629
6547.18049489
6059.5360114
5572.29705088
5085.46677049
4599.04589706
4113.03061665
3627.41164299
3142.17077928
2657.2490263
2172.54879944
1687.93577275
1203.2058725
718.011204743
267.479859702
24.9367370447
-9.61426762309
8505.32775779
8016.13273071
7527.30452267
7038.86653023
6550.82762181
6063.189374
5575.95218305
5089.11559556
4602.67517147
4116.62111602
3630.93495895
3145.6066179
2660.5250328
2175.61031066
1690.7137912
1205.6437351
720.145404523
269.192113642
25.5309236043
-9.6138207461
8508.55564972
8019.36309319
7530.53866804
7042.10611569
6554.07331437
6066.4401501
5579.20544868
5092.36653368
4605.91781448
4119.84811654
3634.16346407
3148.75995696
2663.61540797
2178.62659749
1693.64364628
1208.4817174
722.896540618
271.229182771
25.8694555705
-9.59210173097
8511.38583249
8022.19534021
7533.37391947
7044.94593673
6556.91876595
6069.29127639
5582.061672
5095.22687337
4608.78286171
4122.72946409
3637.03000221
3151.64828049
2666.53671353
2181.61143029
1696.73295317
1211.71895798
726.196560555
274.078949574
26.7593247238
-9.592173627
8513.81646017
8024.62775189
7535.80903576
7047.38534981
6559.3640458
6071.74355045
5584.52201025
5097.69677678
4611.26388722
4125.23984311
3639.57264484
3154.25979737
2669.26033151
2184.52108729
1699.94081996
1215.37355743
729.884909095
277.970156824
28.2297958542
-9.60104162817
8515.84574262
8026.65842686
7537.84240327
7049.42297147
6561.40784986
6073.79541944
5586.58500007
5099.77513209
4613.35943256
4127.37358147
3641.76776414
3156.55308456
2671.71349968
2187.24144272
1703.12622719
1219.57089452
733.643456055
282.518121313
29.6287532673
-9.60807796786
8517.47178262
8028.28494374
7539.47176033
7051.05632171
6563.04703345
6075.4429783
5588.24576457
5101.46037295
4615.10347549
4129.12612393
3643.58295033
3158.47082644
2673.79217142
2189.56814053
1705.76412138
1223.92944385
738.353651819
286.74121326
31.1284350225
-9.61839655984
8518.69282196
8029.50498513
7540.694163
7052.28174087
6564.27689013
6076.67890857
5589.48935812
5102.71431138
4616.36853494
4130.44768241
3644.97179815
3159.94979171
2675.40536996
2191.38976357
1707.5624802
1225.42447183
742.802320751
290.318362895
32.8729634372
-9.61729832428
8519.51067448
8030.32182472
7541.51244365
7053.1016283
6565.09955439
6077.50533081
5590.31869095
5103.54070536
4617.2041796
4131.33645528
3645.90502236
3160.93890262
2676.46207103
2192.4617279
1708.8121823
1226.25583963
743.970689955
291.764744714
33.8462362263
-9.61896985688
8519.94994426
8030.76056196
7541.95444879
7053.54905993
6565.55425073
6077.97189699
5590.80705536
5104.07049411
4617.73989668
4131.81124382
3646.37595091
3161.42425053
2676.95637288
2192.94174782
1709.25347601
1226.29242602
743.378845578
293.000539937
36.9976700008
-9.6272099005
)
;

boundaryField
{
    back
    {
        type            calculated;
        value           nonuniform List<scalar> 
1984
(
8519.1487123
8029.96767042
7541.17932547
7052.801689
6564.84518467
6077.3122025
5590.20862621
5103.54261458
4617.29533439
4131.4366822
3646.07021232
3161.18974213
2676.79422644
2192.86438382
1709.20124665
1226.30766383
743.478547249
293.145551668
37.0654418021
-9.62665346848
8518.70330124
8029.52242404
7540.73016932
7052.34618138
6564.38126542
6076.83509509
5589.7080846
5102.99995608
4616.73082246
4130.94611249
3645.58699496
3160.69421128
2676.2925271
2192.37644267
1708.73773244
1226.24860576
744.060583383
291.914835231
33.9167344514
-9.61895037663
8517.87447229
8028.6939078
7539.89877834
7051.51102415
6563.54051434
6075.98714279
5588.85355686
5102.14429581
4615.87250695
4130.02664093
3644.62213306
3159.67529873
2675.21505622
2191.3055693
1707.44894611
1225.39857445
742.848164186
290.468739462
32.9476769313
-9.61810807324
8516.63815209
8027.4576205
7538.65805376
7050.26412997
6562.28501587
6074.72045394
5587.57282742
5100.8491345
4614.56366588
4128.65360462
3643.18007965
3158.13962891
2673.54111639
2189.40804077
1705.7072177
1223.81109757
738.330020641
286.892960373
31.1987995325
-9.62101475221
8514.99299821
8025.81079581
7537.00576758
7048.6038272
6560.61350575
6073.03387132
5585.86452959
5099.10389621
4612.74051291
4126.82449155
3641.28800313
3156.13883789
2671.3719491
2186.97916078
1702.94040165
1219.41181965
733.636365081
282.629058435
29.6916918516
-9.61730457167
8512.94155583
8023.75652448
7534.94566821
7046.53466538
6558.53171382
6070.93605844
5583.74632816
5096.96058628
4610.57513509
4124.60468426
3638.99371463
3153.73627119
2668.80091744
2184.13894236
1699.65229085
1215.2014618
729.92365156
278.106179389
28.2778237228
-9.6349765126
8510.48671975
8021.29823093
7532.48106372
7044.06022972
6556.04395378
6068.43193372
5581.22307846
5094.41498559
4608.00357173
4121.98373803
3636.33159641
3150.98744842
2665.92537635
2181.07188459
1696.29927219
1211.44435313
726.16823661
274.171623079
26.7399675879
-9.71658768931
8507.63146963
8018.43903256
7529.61484431
7041.18325985
6553.15293424
6065.52450689
5578.29746548
5091.46988711
4605.03614833
4118.98703723
3633.33039715
3147.92819929
2662.80875782
2177.87551342
1692.99482933
1208.00907929
722.703839173
271.096927009
25.5655364027
-10.0205398288
8504.37897504
8015.18202541
7526.34972827
7037.90600351
6549.86032385
6062.21472052
5574.97001567
5088.12546342
4601.67574144
4115.60615717
3629.88830676
3144.55879692
2659.47366654
2174.58429958
1689.76486739
1204.86518128
719.679947277
268.640305593
24.2180194941
-11.1715583044
8500.73280723
8011.53050715
7522.68851021
7034.23042397
6546.16700344
6058.50213358
5571.23870622
5084.3792033
4597.92168753
4111.86029373
3626.18261024
3140.87989499
2655.91322898
2171.18751763
1686.59156962
1201.99044295
717.129723068
266.653139899
22.1438115233
-14.0503828385
8496.69716468
8007.48831673
7518.63422535
7030.15845488
6542.07319702
6054.38457496
5567.09855552
5080.22159088
4593.75857358
4107.71239583
3622.08470049
3136.86927421
2652.05749334
2167.63532467
1683.40675168
1199.33853151
715.085734571
265.223269756
21.1080008652
-14.683902369
8492.27710863
8003.06010301
7514.19061171
7025.69240851
6537.57914936
6049.85944789
5562.54269064
5075.64044684
4589.16502066
4103.1321056
3617.55603663
3132.45091901
2647.82558696
2163.66407854
1680.05465446
1196.81755796
713.755483712
265.978809706
23.8979934703
-10.8329917992
8487.4791849
7998.25174767
7509.36265127
7020.83573589
6532.68609462
6044.92473733
5557.56479147
5070.62293627
4584.12056889
4098.08528174
3612.5490738
3127.55284594
2643.142344
2159.37656709
1676.34054509
1194.05734693
712.530821086
266.976216656
25.3927313473
-10.0585503934
8482.31213878
7993.07143221
7504.15756171
7015.59414023
6527.39749459
6039.58089976
5552.1608391
5065.15907246
4578.60497792
4092.53872564
3607.00716591
3122.08006496
2637.83766955
2154.39680644
1671.9114172
1190.56424337
710.593689678
267.682593133
26.4799024558
-9.66240496633
8476.7875052
7987.5304137
7498.58565276
7009.97659025
6521.72042353
6033.83215982
5546.33108092
5059.2432455
4572.60511747
4086.4653712
3600.88119361
3115.94873054
2631.77369474
2148.52113875
1666.40972637
1185.73239784
706.805776902
266.355242699
25.5202236058
-9.18722719454
8470.91996572
7981.64315033
7492.66080652
7003.996009
6515.66662496
6027.68793613
5540.08208561
5052.87835649
4566.11766383
4079.84899938
3594.14447758
3109.10608596
2624.86230163
2141.60110253
1659.58706325
1179.20789636
701.11942256
263.944883243
27.0568227659
-9.21511077874
8464.72725918
7975.42729427
7486.40060584
6997.66996575
6509.25152981
6021.16349879
5533.4272766
5046.07348227
4559.14230314
4072.68915245
3586.78328764
3101.52818477
2617.05623648
2133.55472349
1651.26144963
1170.47997826
691.509412984
253.913832829
21.48865494
-10.0938270855
8458.23144916
7968.90512448
7479.82733609
6991.01839876
6502.49744456
6014.27920622
5526.38519407
5038.84682317
4551.70166787
4065.00235455
3578.81773585
3093.24355263
2608.40511473
2124.46624365
1641.62176647
1160.08531132
679.973925008
243.823995063
16.6416021903
-11.7796903241
8451.45952639
7962.10295187
7472.96665545
6984.06986524
6495.43004288
6007.06010033
5518.98146859
5031.22101568
4543.81306263
4056.80417111
3570.25647813
3084.25388098
2598.90599932
2114.35168697
1630.75579712
1148.3061809
667.143624647
233.776806494
13.2612112081
-12.0849513261
8444.43821474
7955.04850103
7465.84858079
6976.8540633
6488.08044704
5999.54073789
5511.25148121
5023.23482581
4535.51918457
4048.14266428
3561.15589401
3074.62676193
2588.64366983
2103.31948721
1618.79438464
1135.25497418
652.947763873
223.382698854
11.0440399365
-10.5986404988
8437.20566749
7947.77975509
7458.50876034
6969.40761762
6480.48885077
5991.76217092
5503.23970462
5014.93773051
4526.87675187
4039.08409689
3551.59569928
3064.45925588
2577.73673183
2091.50836683
1605.87619691
1120.99168473
637.093088052
211.337308123
7.88490332393
-9.86019211182
8429.79882688
7940.33437704
7450.98809942
6961.77280693
6472.69831257
5983.77088709
5494.99767524
5006.38824824
4517.95397261
4029.70965818
3541.67471914
3053.87383843
2566.33817673
2079.10677462
1592.22571049
1105.76075195
619.804138156
198.069534872
4.34241060921
-9.66025322932
8422.25634739
7932.75166952
7443.32699121
6953.99243172
6464.7551262
5975.61778494
5486.58245398
4997.65153235
4508.82718328
4020.11127406
3531.50572961
3043.01181815
2554.62887569
2066.35121582
1578.16266957
1090.02872293
601.88111505
184.727387814
1.04419160682
-9.5943161326
8414.61898641
7925.07307154
7435.56823969
6946.11192382
6456.70847277
5967.35707546
5478.05484225
4988.79733145
4499.57772666
4010.38581481
3521.20677971
3032.02065303
2542.79810186
2053.49372896
1564.03456826
1074.29517901
584.039818289
171.918605321
-1.80364502512
-9.57499351596
8406.92858103
7917.34144254
7427.75625986
6938.1783797
6448.60922819
5959.04462267
5469.47713008
4979.89607302
4490.2865852
4000.62804286
3510.89150947
3021.0403752
2531.02398626
2040.76913457
1550.16297212
1059.0211778
566.950657369
159.993287811
-4.14259521433
-9.57928538586
8399.22599585
7909.59847083
7419.93467067
6930.23792161
6440.50704026
5950.73473162
5460.90946954
4971.01554882
4481.03119577
3990.92742003
3500.66491234
3010.19593693
2519.45906054
2028.3703909
1536.80423136
1044.56468911
551.194142948
149.378371098
-6.00581531528
-9.62321061267
8391.55230928
7901.88609922
7412.14722799
6922.33686547
6432.45145765
5942.48089311
5452.41030352
4962.21967862
4471.88191191
3981.36137287
3490.61231184
2999.58206386
2508.20874021
2016.41475323
1524.09583657
1031.11268273
537.109482508
140.662038476
-7.45093033508
-9.80791680916
8383.94265935
7894.2397481
7404.43029791
6914.5132872
6424.48323182
5934.32787236
5444.02972829
4953.56564553
4462.90442135
3972.00511278
3480.81729872
2989.28543287
2497.35335964
2004.95818311
1512.03676355
1018.55613019
524.328821524
133.942182622
-7.85394564635
-9.65444835238
8376.43293753
7886.69554538
7396.82080519
6906.80548486
6416.64265415
5926.31837475
5435.81352977
4945.10257667
4454.1508983
3962.91344042
3471.33768426
2979.36247382
2486.93458272
1994.00316854
1500.54428915
1006.62118077
512.329653871
128.123944849
-8.13342966198
-9.59426347564
8369.05710939
7879.28664632
7389.35243268
6899.24812735
6408.96557904
5918.48986768
5427.80124679
4936.87301615
4445.66814887
3954.13824651
3462.22638513
2969.86338022
2476.98817469
1983.54136183
1489.50536278
994.963856775
500.165886871
121.95872822
-8.48774704191
-9.57243145629
8361.84566488
7872.04245177
7382.05502575
6891.87195464
6401.48350902
5910.87440672
5420.02584395
4928.91160871
4437.49368956
3945.72129986
3453.53279024
2960.84561844
2467.57651075
1973.62473355
1478.9132658
983.433262475
487.133438718
114.416213229
-8.87618393409
-9.56002515302
8354.82900744
7864.98543742
7374.9557669
6884.70377226
6394.22386189
5903.49804168
5412.51272476
4921.2441027
4429.65508802
3937.69647142
3445.30294139
2952.37594309
2458.80398806
1964.42406018
1469.04009348
972.414160561
474.106597381
105.954036614
-9.01082662954
-9.55667539885
8348.04320282
7858.12793448
7368.07820439
6877.76603146
6387.2121995
5896.38024125
5405.278073
4913.88477222
4422.16678586
3930.08262842
3437.56969202
2944.51442835
2450.79107873
1956.1921213
1460.40436107
963.206738771
464.706254397
99.7791653095
-9.02123101741
-9.5626437419
8341.47318874
7851.56767179
7361.45214351
6871.07740924
6380.43732534
5889.5217486
5398.32534607
4906.83377422
4415.02417623
3922.87410838
3430.34434909
2937.28752231
2443.61886319
1949.11416101
1453.44628369
957.283738711
458.196302371
96.9097206814
-9.00580592205
-9.58366361681
8335.16755545
7845.25128116
7355.08813617
6864.65359646
6373.9394888
5882.94432161
5391.6653621
4900.0983808
4408.23480787
3916.06064168
3423.55035942
2930.6361589
2437.24165055
1943.21952645
1448.47599414
954.16625265
456.975229964
97.5272054737
-8.96830819213
-9.62004688036
8329.14308707
7839.20764482
7349.00195682
6858.50919481
6367.72342197
5876.64890202
5385.28940424
4893.65087572
4401.74053844
3909.56552675
3417.1356461
2924.45623906
2431.5556364
1938.46012854
1445.21204501
953.261092921
460.70793558
101.979913393
-8.82502907231
-9.60188307716
8323.41728786
7833.45856029
7343.21005901
6852.65729277
6361.79665734
5870.63622668
5379.1871693
4887.46591326
4395.49494127
3903.30669889
3410.95077263
2918.49602552
2426.05991419
1933.82669342
1442.09769362
951.879101141
464.251894836
107.797154195
-8.46218833097
-9.60488841619
8318.00773487
7828.02360752
7337.7295877
6847.11196657
6356.16799004
5864.90887846
5373.35079631
4881.5187308
4389.44798973
3897.19118789
3404.82833886
2912.47130333
2420.30080887
1928.58904623
1437.74877567
948.45619209
463.622423364
110.23151839
-8.23424895019
-9.5690778121
8312.93302687
7822.92157374
7332.57864924
6841.88940446
6350.85071294
5859.47460583
5367.77989529
4875.79543076
4383.56484644
3891.15260691
3398.65415841
2906.20211278
2414.00405004
1922.35769184
1431.69286271
942.653969974
459.818547778
108.80827963
-8.66378183237
-9.54531767782
8308.21361936
7818.17305088
7327.77751837
6837.00962848
6345.86392003
5854.35027561
5362.48610492
4870.30032962
4377.83795476
3885.16532712
3392.3808907
2899.61584569
2407.07862456
1915.082746
1424.05331929
934.654760805
451.807655302
104.174955335
-9.02094831546
-9.54476408002
8303.87102759
7813.80015709
7323.3495536
6832.49734342
6341.23401735
5849.56354274
5357.49757165
4865.06017493
4372.29181465
3879.25715247
3386.04798683
2892.78682902
2399.64284706
1906.86348489
1414.83545913
924.21455808
439.396460809
96.4551865924
-9.12045341577
-9.56054968859
8299.92574153
7809.82522042
7319.31981932
6828.38216734
6336.99528171
5845.15442012
5352.85962332
4860.12336872
4366.97920571
3873.4811917
3379.71187188
2885.76987056
2391.76425987
1897.83557057
1404.19980276
910.970670655
421.900191459
84.7045144014
-9.10419212123
-9.58405595301
8296.39777489
7806.27071027
7315.71547059
6824.69713693
6333.19039428
5841.1747228
5348.63330168
4855.55970959
4361.97254879
3867.91729953
3373.47004179
2878.71943506
2383.72798521
1888.56370111
1393.26823843
897.11255164
403.512174035
73.0126772854
-9.02685110143
-9.57469949127
8293.30431424
7803.15648497
7312.56160464
6821.47766066
6329.86709918
5837.69166302
5344.90288426
4851.46415478
4357.37408407
3862.66968234
3367.42768939
2871.75734567
2375.72034116
1879.40110807
1382.82007908
884.643640629
389.357294636
66.5655449523
-8.97587228109
-9.56100078521
8290.66006427
7800.49940138
7309.88013227
6818.75459568
6327.07461126
5834.78017089
5341.77716305
4847.96651748
4353.30864576
3857.84381666
3361.63971018
2864.92079804
2367.8256161
1870.45211827
1373.28398189
875.505065272
384.712811504
66.9758046464
-9.01038205135
-9.56383151408
8288.47224907
7798.30844944
7307.68422396
6816.54892758
6324.84830093
5832.50427998
5339.36355243
4845.21213917
4349.91632308
3853.57724729
3356.22852393
2858.22409189
2359.71973067
1861.05201263
1363.63265276
868.059043903
385.188052785
71.9247207045
-9.15492366863
-9.57016198498
8286.74106789
7796.58457646
7305.97831339
6814.87522787
6323.22313849
5830.91975375
5337.73803881
4843.34464974
4347.2389187
3849.90037221
3351.25483126
2850.59615593
2349.96519398
1850.06113298
1351.83039084
856.572775373
378.338489953
73.5702527316
-9.33709331108
-9.56253029818
8285.45835088
7795.31701766
7304.75021214
6813.73365434
6322.25508585
5830.23631192
5337.43123093
4842.8788984
4345.40165725
3846.15118184
3342.33812869
2830.15818578
2336.62456513
1838.3104912
1337.16281358
835.311742971
351.957867522
58.6275980201
-9.25913629692
-9.53394770636
8284.60907421
7794.47955602
7303.93892057
6812.97276398
6321.58885599
5829.86303774
5337.87912193
4844.48278055
2331.32520505
1829.21970631
1321.76387019
806.677377035
312.550212838
37.5776239486
-8.89343527089
-9.44786143718
8284.19064763
7794.07221418
7303.55993202
6812.65693832
6321.42170489
5829.96823123
5338.44911095
4846.95944343
2328.77143722
1824.28930816
1310.73373458
782.145754226
278.347474534
24.4374640037
-8.21479490745
-9.40374520178
8284.19246679
7794.07447641
7303.56304179
6812.66116385
6321.42712493
5829.97527469
5338.45692184
4846.96791997
2328.7695984
1824.28480607
1310.72482175
782.124841164
278.315206687
24.4239559355
-8.21437734625
-9.40360100633
8284.61475529
7794.48646176
7303.94821721
6812.98533742
6321.60498654
5829.8814224
5337.90026048
4844.50562688
2331.31627467
1829.20383956
1321.74078991
806.644107798
312.514030256
37.5614710939
-8.89358952961
-9.44788219925
8285.46842925
7795.32884289
7304.76550173
6813.75360865
6322.28008978
5830.2661531
5337.46467165
4842.91521687
4345.44017485
3846.18520562
3342.36190785
2830.16792443
2336.6225829
1838.29898009
1337.14367077
835.285135043
351.934603261
58.6188305715
-9.25974378047
-9.53410008957
8286.75591799
7796.60150695
7305.99942255
6814.90203515
6323.25623003
5830.95870925
5337.78149096
4843.38960832
4347.28267575
3849.93794547
3351.28207484
2850.60968647
2349.96392009
1850.0482902
1351.81262956
856.55217417
378.324969704
73.5682293845
-9.33743592229
-9.56261294885
8288.49296073
7798.33140585
7307.71171652
6816.58255455
6324.88854239
5832.5503516
5339.41353769
4845.26321479
4349.96519573
3853.61963679
3356.26071248
2858.24333649
2359.72472003
1861.04580287
1363.62073187
868.044390665
385.179236871
71.9240240932
-9.15502888983
-9.57019422186
8290.68815807
7800.52979606
7309.91515828
6818.79580894
6327.12234936
5834.83335706
5341.83363382
4848.02333651
4353.36236811
3857.8908272
3361.67687676
2864.94635477
2367.83966065
1870.45666406
1373.28175646
875.497222877
384.70577437
66.9742432917
-9.01036727828
-9.56383021547
8293.34173799
7803.1962137
7312.60586154
6821.52786548
6329.92359477
5837.75285934
5344.96635713
4851.5268556
4357.43268779
3862.72133141
3367.47030576
2871.79033151
2375.74457365
1879.41753261
1382.8288942
884.642296946
389.35036553
66.5625195706
-8.97578305357
-9.56096757093
8296.44683438
7806.32190743
7315.77087977
6824.75826824
6333.25670457
5841.24542639
5348.70493041
4855.62899044
4362.03629931
3867.97348009
3373.51763967
2878.75924977
2383.76138342
1888.5909681
1393.28773286
897.117077298
403.504157659
73.00831427
-9.02667331644
-9.57463722145
8299.99017841
7809.89127872
7319.38933304
6828.45592944
6337.07329617
5845.23481894
5352.93966433
4860.19997851
4367.04811067
3873.54113442
3379.76242696
2885.81379401
2391.80357186
1897.87016267
1404.22689625
910.979979383
421.892163265
84.6978460269
-9.10390921693
-9.58396075336
8303.9535788
7813.88370271
7323.43523924
6832.58576444
6341.32466487
5849.65490571
5357.58691099
4865.14405008
4372.36769371
3879.32291103
3386.10407294
2892.8377568
2399.69063812
1906.90627034
1414.86972187
924.227753851
439.389526278
96.4458826079
-9.12024321832
-9.56044659298
8308.3166695
7818.27634368
7327.88148162
6837.11428954
6345.96861242
5854.45346335
5362.58532061
4870.39232895
4377.91994573
3885.23679813
3392.44123705
2899.67155288
2407.13072857
1915.12850852
1424.08834371
934.666211307
451.799484446
104.163194354
-9.02113101213
-9.54471601881
8313.05840624
7823.04635271
7332.70252828
6842.01187572
6350.97083264
5859.59079368
5367.88983842
4875.89607017
4383.65366085
3891.22923514
3398.71914036
2906.2612347
2414.05742366
1922.40151942
1431.72284395
942.657945508
459.803601124
108.7920644
-8.6657071426
-9.54520230477
8318.15710869
7828.17159766
7337.87515958
6847.25402624
6356.30521319
5865.03954961
5373.47262988
4881.62884718
4389.54417529
3897.27342708
3404.89762418
2912.53290359
2420.35360651
1928.62799373
1437.76862268
948.447894809
463.592954785
110.215104603
-8.23569638952
-9.56899089106
8323.59263591
7833.6318148
7343.3794681
6852.82112632
6361.95314638
5870.78340428
5379.32269341
4887.5870278
4395.59972264
3903.39593619
3411.02552547
2918.56174
2426.11396062
1933.86199061
1442.10262528
951.885170337
464.225081667
107.775756423
-8.46322450148
-9.60480570102
8329.34762087
7839.4096084
7349.19884763
6858.69859502
6367.90296701
5876.81604859
5385.44138381
4893.78494251
4401.85585527
3909.66324896
3417.21883151
2924.53011997
2431.61684123
1938.50157545
1445.21208773
953.271759276
460.678304341
101.955660946
-8.82526483329
-9.60162647211
8335.40372912
7845.48449874
7355.31508196
6864.87121443
6374.14509611
5883.13491762
5391.83763848
4900.24911736
4408.36260061
3916.16691031
3423.64198109
2930.71931066
2437.31732398
1943.28583878
1448.48207512
954.170544851
456.944020456
97.5029598884
-8.96796584082
-9.61924882493
8341.74405185
7851.83545821
7361.71235877
6871.326222
6380.67255986
5889.74007757
5398.52262747
4907.0061882
4415.16944942
3922.98980096
3430.44954789
2937.37808486
2443.69619495
1949.17398225
1453.4689739
957.322216884
458.164404066
96.8815857506
-9.00537018712
-9.58307602547
8348.35230783
7858.43473336
7368.37574719
6878.048528
6387.4808766
5896.63128889
5405.50553393
4914.08424835
4422.33569404
3930.22204686
3437.68608082
2944.61447095
2450.87417659
1956.25436444
1460.43996516
963.218053594
464.686452722
99.7509997825
-9.02080482991
-9.56245172252
8355.17881334
7865.33170681
7375.29358666
6885.02862047
6394.53266036
5903.78640907
5412.77534676
4921.47592079
4429.8529578
3937.86111901
3445.43774827
2952.48949691
2458.89570529
1964.48995352
1469.07506637
972.40677767
474.054619474
105.916109253
-9.01027863163
-9.5564317152
8362.23997757
7872.43306245
7382.43752204
6892.24186187
6401.83638009
5911.20514021
5420.32874957
4929.18090189
4437.7253313
3945.91506146
3453.69065932
2960.97578847
2467.67835399
1973.69440632
1478.94625911
983.416630257
487.063782414
114.364484989
-8.87595857427
-9.55941229174
8369.49964311
7879.72556016
7389.78344339
6899.66659978
6409.3664484
5918.86741909
5428.14916194
4937.18463094
4445.93831152
3954.36547417
3462.41147368
2970.0131084
2477.10157279
1983.61521804
1489.53599345
994.938943037
500.083350132
121.899687676
-8.48631555725
-9.57060416201
8376.92696218
7887.18612509
7397.30371798
6907.27595059
6417.0952195
5926.74681328
5436.21087782
4945.4612588
4454.46447039
3963.1789124
3471.55467393
2979.53559326
2487.06206248
1994.08236223
1500.57252385
1006.58849609
512.235048317
128.057842358
-8.129728578
-9.58896010201
8384.49082721
7894.78472485
7404.96793856
6915.03874483
6424.99081221
5934.81094925
5444.48078484
4953.97634835
4463.26688422
3972.3143282
3481.07253802
2989.48794457
2497.5003142
2005.04658823
1512.064232
1018.51551726
524.220180765
133.870047825
-7.84745752711
-9.6276576946
8392.15639417
7902.48736424
7412.74170611
6922.91977952
6433.01703158
5943.02224906
5452.91951286
4962.68808869
4472.3010678
3981.7243922
3490.9159642
2999.8237577
2508.38451912
2016.51985784
1524.12488808
1031.05951874
536.972865401
140.565393596
-7.44468664451
-9.78731418953
8399.88660444
7910.25687062
7420.58723946
6930.88017059
6441.13333379
5951.33814333
5461.48192326
4971.54803109
4481.51466447
3991.35337702
3501.0276725
3010.49000257
2519.67794369
2028.5060625
1536.84700789
1044.50366725
551.022943724
149.239665236
-6.0193662064
-9.61783762653
8407.64281339
7918.05401371
7428.46420429
6938.87785369
6449.29529147
5959.71107686
5470.11659324
4980.50030249
4490.84674562
4001.13519555
3511.33748715
3021.41583448
2531.3173299
2040.96556477
1550.24460582
1058.96854639
566.747914182
159.806904169
-4.17352791706
-9.57665445905
8415.38488263
7925.8381781
7436.33060299
6946.86877296
6457.45599914
5968.09029157
5478.76760151
4989.48248884
4500.22726055
4010.99071922
3521.75669922
3032.50227002
2543.19342073
2053.77904754
1564.18058669
1074.26979814
583.813145831
171.668923829
-1.85557286517
-9.57039576071
8423.0707014
7933.56643497
7444.14159435
6954.80560695
6465.56472754
5976.42065596
5487.37438969
4998.4272734
4509.58021391
4020.83313301
3532.18460533
3043.63027395
2555.16148534
2066.76326926
1578.41057275
1090.06335132
601.654718819
184.425193815
0.976333476573
-9.57798139737
8430.65800625
7941.19560618
7451.85255241
6962.64118401
6473.5706209
5984.6463076
5495.87448501
5007.26367318
4518.82368186
4030.56645541
3542.50619932
3054.65909459
2567.04446335
2079.6875692
1592.62105794
1105.90114454
619.618911785
197.743335058
4.27929292274
-9.59532586076
8438.10535949
7948.68345359
7459.41966709
6970.32895643
6481.42324662
5992.71158882
5504.20538374
5015.91996672
4527.87417912
4040.0917456
3552.60180428
3065.44067401
2578.65435658
2092.30425078
1606.47370381
1121.29922297
637.004588795
211.012403348
7.92178165927
-9.6197309034
8445.37312353
7955.9895545
7466.80083419
6977.82414466
6489.07388507
6000.56260699
5512.30639938
5024.32675513
4536.65072212
4049.31246431
3562.3547614
3075.83145165
2589.81070019
2104.38070437
1619.65787744
1135.8155084
653.1086397
223.315712632
11.5758092023
-9.67535855397
8452.42371683
7963.07570672
7473.95612563
6985.08434472
6496.47684821
6008.14911207
5520.1211143
5032.41943997
4545.07795815
4058.13951745
3571.65831355
3085.70208578
2600.35617975
2115.72714999
1631.94616088
1149.18072998
667.609991531
234.314586425
15.0275152989
-9.71881719449
8459.2226776
7969.90661945
7480.84881564
6992.07097858
6503.59085925
6015.42611313
5527.59938789
5040.14106193
4553.0899039
4066.49546187
3580.41994139
3094.94265629
2610.1621765
2126.20185737
1643.20300131
1161.31469969
680.594798459
243.460113016
16.3675627916
-9.99384719895
8465.73874575
7976.45016742
7487.44627056
6998.75057842
6510.38032135
6022.35529169
5534.69938436
5047.444837
4560.63318329
4074.31732443
3588.56554623
3103.46458057
2619.12511253
2135.69136119
1653.33556153
1172.24760635
692.548032414
253.315125963
20.1091413429
-10.8460957382
8471.94372008
7982.679187
7493.72053142
7005.09257212
6516.8146767
6028.9051359
5541.38785225
5054.294981
4567.66787239
4081.55981928
3596.03999749
3111.19847755
2627.15558292
2144.07572873
1662.1815476
1181.75956174
703.069733425
263.395167065
24.7711206854
-10.1349126282
8477.81466978
7988.56995223
7499.64906693
7011.07751439
6522.87378509
6035.05518836
5547.64412861
5060.67058872
4574.17295912
4088.20077379
3602.81763641
3118.1099402
2634.1960141
2151.24817476
1669.53244857
1189.49282128
711.949905843
274.057300571
31.6515573049
-9.5536484237
8483.33773215
7994.10748843
7505.21691251
7016.68932204
6528.54234522
6040.79145273
5553.45619028
5066.56250216
4580.14307756
4094.2390562
3608.90343032
3124.20646091
2640.24379733
2157.15912491
1675.17815936
1194.69361928
716.487603627
276.010950903
31.7164920929
-9.14815061897
8488.49733426
7999.27986041
7510.41152917
7021.91644348
6533.81064063
6046.10693661
5558.82104563
5071.97338604
4585.58875064
4099.69683899
3614.33470141
3129.54678108
2645.38986864
2161.93898559
1679.29725163
1197.57023234
716.794043392
270.948005227
26.8341899635
-9.71165901063
8493.28418807
8004.07530952
7515.22299675
7026.75104008
6538.67359242
6051.0004629
5563.74300021
5076.9153661
4590.53319725
4104.61504387
3619.17779212
3134.23884385
2649.80986259
2165.88957481
1682.47796822
1199.4335648
716.42933514
267.907397183
25.1448402947
-9.43510142487
8497.6884924
8008.4857924
7519.64472003
7031.18865782
6543.12985251
6055.47502657
5568.23118979
5081.40622216
4595.00847882
4109.04280855
3623.51185517
3138.40810339
2653.71039709
2169.37008151
1685.24564139
1201.16630338
716.687727012
266.712437638
24.735625182
-9.49038878535
8501.70438073
8012.50612509
7523.67270271
7035.22734629
6547.18049489
6059.5360114
5572.29705088
5085.46677049
4599.04589706
4113.03061665
3627.41164299
3142.17077928
2657.2490263
2172.54879944
1687.93577275
1203.2058725
718.011204743
267.479859702
24.9367370447
-9.61426762309
8505.32775779
8016.13273071
7527.30452267
7038.86653023
6550.82762181
6063.189374
5575.95218305
5089.11559556
4602.67517147
4116.62111602
3630.93495895
3145.6066179
2660.5250328
2175.61031066
1690.7137912
1205.6437351
720.145404523
269.192113642
25.5309236043
-9.6138207461
8508.55564972
8019.36309319
7530.53866804
7042.10611569
6554.07331437
6066.4401501
5579.20544868
5092.36653368
4605.91781448
4119.84811654
3634.16346407
3148.75995696
2663.61540797
2178.62659749
1693.64364628
1208.4817174
722.896540618
271.229182771
25.8694555705
-9.59210173097
8511.38583249
8022.19534021
7533.37391947
7044.94593673
6556.91876595
6069.29127639
5582.061672
5095.22687337
4608.78286171
4122.72946409
3637.03000221
3151.64828049
2666.53671353
2181.61143029
1696.73295317
1211.71895798
726.196560555
274.078949574
26.7593247238
-9.592173627
8513.81646017
8024.62775189
7535.80903576
7047.38534981
6559.3640458
6071.74355045
5584.52201025
5097.69677678
4611.26388722
4125.23984311
3639.57264484
3154.25979737
2669.26033151
2184.52108729
1699.94081996
1215.37355743
729.884909095
277.970156824
28.2297958542
-9.60104162817
8515.84574262
8026.65842686
7537.84240327
7049.42297147
6561.40784986
6073.79541944
5586.58500007
5099.77513209
4613.35943256
4127.37358147
3641.76776414
3156.55308456
2671.71349968
2187.24144272
1703.12622719
1219.57089452
733.643456055
282.518121313
29.6287532673
-9.60807796786
8517.47178262
8028.28494374
7539.47176033
7051.05632171
6563.04703345
6075.4429783
5588.24576457
5101.46037295
4615.10347549
4129.12612393
3643.58295033
3158.47082644
2673.79217142
2189.56814053
1705.76412138
1223.92944385
738.353651819
286.74121326
31.1284350225
-9.61839655984
8518.69282196
8029.50498513
7540.694163
7052.28174087
6564.27689013
6076.67890857
5589.48935812
5102.71431138
4616.36853494
4130.44768241
3644.97179815
3159.94979171
2675.40536996
2191.38976357
1707.5624802
1225.42447183
742.802320751
290.318362895
32.8729634372
-9.61729832428
8519.51067448
8030.32182472
7541.51244365
7053.1016283
6565.09955439
6077.50533081
5590.31869095
5103.54070536
4617.2041796
4131.33645528
3645.90502236
3160.93890262
2676.46207103
2192.4617279
1708.8121823
1226.25583963
743.970689955
291.764744714
33.8462362263
-9.61896985688
8519.94994426
8030.76056196
7541.95444879
7053.54905993
6565.55425073
6077.97189699
5590.80705536
5104.07049411
4617.73989668
4131.81124382
3646.37595091
3161.42425053
2676.95637288
2192.94174782
1709.25347601
1226.29242602
743.378845578
293.000539937
36.9976700008
-9.6272099005
)
;
    }
    sides
    {
        type            calculated;
        value           nonuniform List<scalar> 
40
(
8519.1487123
8029.96767042
7541.17932547
7052.801689
6564.84518467
6077.3122025
5590.20862621
5103.54261458
4617.29533439
4131.4366822
3646.07021232
3161.18974213
2676.79422644
2192.86438382
1709.20124665
1226.30766383
743.478547249
293.145551668
37.0654418021
-9.62665346848
8519.94994426
8030.76056196
7541.95444879
7053.54905993
6565.55425073
6077.97189699
5590.80705536
5104.07049411
4617.73989668
4131.81124382
3646.37595091
3161.42425053
2676.95637288
2192.94174782
1709.25347601
1226.29242602
743.378845578
293.000539937
36.9976700008
-9.6272099005
)
;
    }
    bottom
    {
        type            calculated;
        value           nonuniform List<scalar> 
100
(
8763.95747928
8763.51209361
8762.68326288
8761.44692609
8759.80174864
8757.75028021
8755.29541746
8752.44014047
8749.18761871
8745.54142112
8741.50574553
8737.08565658
8732.28769762
8727.1206234
8721.59597843
8715.72847211
8709.53580984
8703.04007828
8696.26813411
8689.24690076
8682.01436075
8674.60753162
8667.0650968
8659.42779695
8651.73743899
8644.03493311
8636.36113931
8628.7514824
8621.24175512
8613.86592125
8606.65446844
8599.63779768
8592.85198016
8586.28195376
8579.97630709
8573.95181495
8568.22597026
8562.8164048
8557.74170588
8553.02233541
8548.67974608
8544.73442522
8541.20642542
8538.11293356
8535.46872999
8533.28091513
8531.54970627
8530.26699038
8529.41770076
8528.99926178
8529.00107624
8529.42335575
8530.27706832
8531.56456256
8533.30164647
8535.4968525
8538.15033024
8541.25552446
8544.79896987
8548.76240797
8553.12548452
8557.86719162
8562.96585637
8568.40141502
8574.15631072
8580.21239977
8586.55266085
8593.16088818
8599.9873889
8607.04856258
8614.30828326
8621.73561446
8629.29946743
8636.9650165
8644.69520942
8652.45143624
8660.19348726
8667.87931739
8675.46664353
8682.91402096
8690.18180479
8697.23240546
8704.03140994
8710.54749129
8716.75253856
8722.62370183
8728.14672388
8733.30651933
8738.09311657
8742.49736181
8746.51321485
8750.13655649
8753.36440384
8756.1945301
8758.62509096
8760.65430183
8762.28027325
8763.50123973
8764.31904884
8764.75840578
)
;
    }
    front
    {
        type            calculated;
        value           nonuniform List<scalar> 
1984
(
8519.1487123
8029.96767042
7541.17932547
7052.801689
6564.84518467
6077.3122025
5590.20862621
5103.54261458
4617.29533439
4131.4366822
3646.07021232
3161.18974213
2676.79422644
2192.86438382
1709.20124665
1226.30766383
743.478547249
293.145551668
37.0654418021
-9.62665346848
8518.70330124
8029.52242404
7540.73016932
7052.34618138
6564.38126542
6076.83509509
5589.7080846
5102.99995608
4616.73082246
4130.94611249
3645.58699496
3160.69421128
2676.2925271
2192.37644267
1708.73773244
1226.24860576
744.060583383
291.914835231
33.9167344514
-9.61895037663
8517.87447229
8028.6939078
7539.89877834
7051.51102415
6563.54051434
6075.98714279
5588.85355686
5102.14429581
4615.87250695
4130.02664093
3644.62213306
3159.67529873
2675.21505622
2191.3055693
1707.44894611
1225.39857445
742.848164186
290.468739462
32.9476769313
-9.61810807324
8516.63815209
8027.4576205
7538.65805376
7050.26412997
6562.28501587
6074.72045394
5587.57282742
5100.8491345
4614.56366588
4128.65360462
3643.18007965
3158.13962891
2673.54111639
2189.40804077
1705.7072177
1223.81109757
738.330020641
286.892960373
31.1987995325
-9.62101475221
8514.99299821
8025.81079581
7537.00576758
7048.6038272
6560.61350575
6073.03387132
5585.86452959
5099.10389621
4612.74051291
4126.82449155
3641.28800313
3156.13883789
2671.3719491
2186.97916078
1702.94040165
1219.41181965
733.636365081
282.629058435
29.6916918516
-9.61730457167
8512.94155583
8023.75652448
7534.94566821
7046.53466538
6558.53171382
6070.93605844
5583.74632816
5096.96058628
4610.57513509
4124.60468426
3638.99371463
3153.73627119
2668.80091744
2184.13894236
1699.65229085
1215.2014618
729.92365156
278.106179389
28.2778237228
-9.6349765126
8510.48671975
8021.29823093
7532.48106372
7044.06022972
6556.04395378
6068.43193372
5581.22307846
5094.41498559
4608.00357173
4121.98373803
3636.33159641
3150.98744842
2665.92537635
2181.07188459
1696.29927219
1211.44435313
726.16823661
274.171623079
26.7399675879
-9.71658768931
8507.63146963
8018.43903256
7529.61484431
7041.18325985
6553.15293424
6065.52450689
5578.29746548
5091.46988711
4605.03614833
4118.98703723
3633.33039715
3147.92819929
2662.80875782
2177.87551342
1692.99482933
1208.00907929
722.703839173
271.096927009
25.5655364027
-10.0205398288
8504.37897504
8015.18202541
7526.34972827
7037.90600351
6549.86032385
6062.21472052
5574.97001567
5088.12546342
4601.67574144
4115.60615717
3629.88830676
3144.55879692
2659.47366654
2174.58429958
1689.76486739
1204.86518128
719.679947277
268.640305593
24.2180194941
-11.1715583044
8500.73280723
8011.53050715
7522.68851021
7034.23042397
6546.16700344
6058.50213358
5571.23870622
5084.3792033
4597.92168753
4111.86029373
3626.18261024
3140.87989499
2655.91322898
2171.18751763
1686.59156962
1201.99044295
717.129723068
266.653139899
22.1438115233
-14.0503828385
8496.69716468
8007.48831673
7518.63422535
7030.15845488
6542.07319702
6054.38457496
5567.09855552
5080.22159088
4593.75857358
4107.71239583
3622.08470049
3136.86927421
2652.05749334
2167.63532467
1683.40675168
1199.33853151
715.085734571
265.223269756
21.1080008652
-14.683902369
8492.27710863
8003.06010301
7514.19061171
7025.69240851
6537.57914936
6049.85944789
5562.54269064
5075.64044684
4589.16502066
4103.1321056
3617.55603663
3132.45091901
2647.82558696
2163.66407854
1680.05465446
1196.81755796
713.755483712
265.978809706
23.8979934703
-10.8329917992
8487.4791849
7998.25174767
7509.36265127
7020.83573589
6532.68609462
6044.92473733
5557.56479147
5070.62293627
4584.12056889
4098.08528174
3612.5490738
3127.55284594
2643.142344
2159.37656709
1676.34054509
1194.05734693
712.530821086
266.976216656
25.3927313473
-10.0585503934
8482.31213878
7993.07143221
7504.15756171
7015.59414023
6527.39749459
6039.58089976
5552.1608391
5065.15907246
4578.60497792
4092.53872564
3607.00716591
3122.08006496
2637.83766955
2154.39680644
1671.9114172
1190.56424337
710.593689678
267.682593133
26.4799024558
-9.66240496633
8476.7875052
7987.5304137
7498.58565276
7009.97659025
6521.72042353
6033.83215982
5546.33108092
5059.2432455
4572.60511747
4086.4653712
3600.88119361
3115.94873054
2631.77369474
2148.52113875
1666.40972637
1185.73239784
706.805776902
266.355242699
25.5202236058
-9.18722719454
8470.91996572
7981.64315033
7492.66080652
7003.996009
6515.66662496
6027.68793613
5540.08208561
5052.87835649
4566.11766383
4079.84899938
3594.14447758
3109.10608596
2624.86230163
2141.60110253
1659.58706325
1179.20789636
701.11942256
263.944883243
27.0568227659
-9.21511077874
8464.72725918
7975.42729427
7486.40060584
6997.66996575
6509.25152981
6021.16349879
5533.4272766
5046.07348227
4559.14230314
4072.68915245
3586.78328764
3101.52818477
2617.05623648
2133.55472349
1651.26144963
1170.47997826
691.509412984
253.913832829
21.48865494
-10.0938270855
8458.23144916
7968.90512448
7479.82733609
6991.01839876
6502.49744456
6014.27920622
5526.38519407
5038.84682317
4551.70166787
4065.00235455
3578.81773585
3093.24355263
2608.40511473
2124.46624365
1641.62176647
1160.08531132
679.973925008
243.823995063
16.6416021903
-11.7796903241
8451.45952639
7962.10295187
7472.96665545
6984.06986524
6495.43004288
6007.06010033
5518.98146859
5031.22101568
4543.81306263
4056.80417111
3570.25647813
3084.25388098
2598.90599932
2114.35168697
1630.75579712
1148.3061809
667.143624647
233.776806494
13.2612112081
-12.0849513261
8444.43821474
7955.04850103
7465.84858079
6976.8540633
6488.08044704
5999.54073789
5511.25148121
5023.23482581
4535.51918457
4048.14266428
3561.15589401
3074.62676193
2588.64366983
2103.31948721
1618.79438464
1135.25497418
652.947763873
223.382698854
11.0440399365
-10.5986404988
8437.20566749
7947.77975509
7458.50876034
6969.40761762
6480.48885077
5991.76217092
5503.23970462
5014.93773051
4526.87675187
4039.08409689
3551.59569928
3064.45925588
2577.73673183
2091.50836683
1605.87619691
1120.99168473
637.093088052
211.337308123
7.88490332393
-9.86019211182
8429.79882688
7940.33437704
7450.98809942
6961.77280693
6472.69831257
5983.77088709
5494.99767524
5006.38824824
4517.95397261
4029.70965818
3541.67471914
3053.87383843
2566.33817673
2079.10677462
1592.22571049
1105.76075195
619.804138156
198.069534872
4.34241060921
-9.66025322932
8422.25634739
7932.75166952
7443.32699121
6953.99243172
6464.7551262
5975.61778494
5486.58245398
4997.65153235
4508.82718328
4020.11127406
3531.50572961
3043.01181815
2554.62887569
2066.35121582
1578.16266957
1090.02872293
601.88111505
184.727387814
1.04419160682
-9.5943161326
8414.61898641
7925.07307154
7435.56823969
6946.11192382
6456.70847277
5967.35707546
5478.05484225
4988.79733145
4499.57772666
4010.38581481
3521.20677971
3032.02065303
2542.79810186
2053.49372896
1564.03456826
1074.29517901
584.039818289
171.918605321
-1.80364502512
-9.57499351596
8406.92858103
7917.34144254
7427.75625986
6938.1783797
6448.60922819
5959.04462267
5469.47713008
4979.89607302
4490.2865852
4000.62804286
3510.89150947
3021.0403752
2531.02398626
2040.76913457
1550.16297212
1059.0211778
566.950657369
159.993287811
-4.14259521433
-9.57928538586
8399.22599585
7909.59847083
7419.93467067
6930.23792161
6440.50704026
5950.73473162
5460.90946954
4971.01554882
4481.03119577
3990.92742003
3500.66491234
3010.19593693
2519.45906054
2028.3703909
1536.80423136
1044.56468911
551.194142948
149.378371098
-6.00581531528
-9.62321061267
8391.55230928
7901.88609922
7412.14722799
6922.33686547
6432.45145765
5942.48089311
5452.41030352
4962.21967862
4471.88191191
3981.36137287
3490.61231184
2999.58206386
2508.20874021
2016.41475323
1524.09583657
1031.11268273
537.109482508
140.662038476
-7.45093033508
-9.80791680916
8383.94265935
7894.2397481
7404.43029791
6914.5132872
6424.48323182
5934.32787236
5444.02972829
4953.56564553
4462.90442135
3972.00511278
3480.81729872
2989.28543287
2497.35335964
2004.95818311
1512.03676355
1018.55613019
524.328821524
133.942182622
-7.85394564635
-9.65444835238
8376.43293753
7886.69554538
7396.82080519
6906.80548486
6416.64265415
5926.31837475
5435.81352977
4945.10257667
4454.1508983
3962.91344042
3471.33768426
2979.36247382
2486.93458272
1994.00316854
1500.54428915
1006.62118077
512.329653871
128.123944849
-8.13342966198
-9.59426347564
8369.05710939
7879.28664632
7389.35243268
6899.24812735
6408.96557904
5918.48986768
5427.80124679
4936.87301615
4445.66814887
3954.13824651
3462.22638513
2969.86338022
2476.98817469
1983.54136183
1489.50536278
994.963856775
500.165886871
121.95872822
-8.48774704191
-9.57243145629
8361.84566488
7872.04245177
7382.05502575
6891.87195464
6401.48350902
5910.87440672
5420.02584395
4928.91160871
4437.49368956
3945.72129986
3453.53279024
2960.84561844
2467.57651075
1973.62473355
1478.9132658
983.433262475
487.133438718
114.416213229
-8.87618393409
-9.56002515302
8354.82900744
7864.98543742
7374.9557669
6884.70377226
6394.22386189
5903.49804168
5412.51272476
4921.2441027
4429.65508802
3937.69647142
3445.30294139
2952.37594309
2458.80398806
1964.42406018
1469.04009348
972.414160561
474.106597381
105.954036614
-9.01082662954
-9.55667539885
8348.04320282
7858.12793448
7368.07820439
6877.76603146
6387.2121995
5896.38024125
5405.278073
4913.88477222
4422.16678586
3930.08262842
3437.56969202
2944.51442835
2450.79107873
1956.1921213
1460.40436107
963.206738771
464.706254397
99.7791653095
-9.02123101741
-9.5626437419
8341.47318874
7851.56767179
7361.45214351
6871.07740924
6380.43732534
5889.5217486
5398.32534607
4906.83377422
4415.02417623
3922.87410838
3430.34434909
2937.28752231
2443.61886319
1949.11416101
1453.44628369
957.283738711
458.196302371
96.9097206814
-9.00580592205
-9.58366361681
8335.16755545
7845.25128116
7355.08813617
6864.65359646
6373.9394888
5882.94432161
5391.6653621
4900.0983808
4408.23480787
3916.06064168
3423.55035942
2930.6361589
2437.24165055
1943.21952645
1448.47599414
954.16625265
456.975229964
97.5272054737
-8.96830819213
-9.62004688036
8329.14308707
7839.20764482
7349.00195682
6858.50919481
6367.72342197
5876.64890202
5385.28940424
4893.65087572
4401.74053844
3909.56552675
3417.1356461
2924.45623906
2431.5556364
1938.46012854
1445.21204501
953.261092921
460.70793558
101.979913393
-8.82502907231
-9.60188307716
8323.41728786
7833.45856029
7343.21005901
6852.65729277
6361.79665734
5870.63622668
5379.1871693
4887.46591326
4395.49494127
3903.30669889
3410.95077263
2918.49602552
2426.05991419
1933.82669342
1442.09769362
951.879101141
464.251894836
107.797154195
-8.46218833097
-9.60488841619
8318.00773487
7828.02360752
7337.7295877
6847.11196657
6356.16799004
5864.90887846
5373.35079631
4881.5187308
4389.44798973
3897.19118789
3404.82833886
2912.47130333
2420.30080887
1928.58904623
1437.74877567
948.45619209
463.622423364
110.23151839
-8.23424895019
-9.5690778121
8312.93302687
7822.92157374
7332.57864924
6841.88940446
6350.85071294
5859.47460583
5367.77989529
4875.79543076
4383.56484644
3891.15260691
3398.65415841
2906.20211278
2414.00405004
1922.35769184
1431.69286271
942.653969974
459.818547778
108.80827963
-8.66378183237
-9.54531767782
8308.21361936
7818.17305088
7327.77751837
6837.00962848
6345.86392003
5854.35027561
5362.48610492
4870.30032962
4377.83795476
3885.16532712
3392.3808907
2899.61584569
2407.07862456
1915.082746
1424.05331929
934.654760805
451.807655302
104.174955335
-9.02094831546
-9.54476408002
8303.87102759
7813.80015709
7323.3495536
6832.49734342
6341.23401735
5849.56354274
5357.49757165
4865.06017493
4372.29181465
3879.25715247
3386.04798683
2892.78682902
2399.64284706
1906.86348489
1414.83545913
924.21455808
439.396460809
96.4551865924
-9.12045341577
-9.56054968859
8299.92574153
7809.82522042
7319.31981932
6828.38216734
6336.99528171
5845.15442012
5352.85962332
4860.12336872
4366.97920571
3873.4811917
3379.71187188
2885.76987056
2391.76425987
1897.83557057
1404.19980276
910.970670655
421.900191459
84.7045144014
-9.10419212123
-9.58405595301
8296.39777489
7806.27071027
7315.71547059
6824.69713693
6333.19039428
5841.1747228
5348.63330168
4855.55970959
4361.97254879
3867.91729953
3373.47004179
2878.71943506
2383.72798521
1888.56370111
1393.26823843
897.11255164
403.512174035
73.0126772854
-9.02685110143
-9.57469949127
8293.30431424
7803.15648497
7312.56160464
6821.47766066
6329.86709918
5837.69166302
5344.90288426
4851.46415478
4357.37408407
3862.66968234
3367.42768939
2871.75734567
2375.72034116
1879.40110807
1382.82007908
884.643640629
389.357294636
66.5655449523
-8.97587228109
-9.56100078521
8290.66006427
7800.49940138
7309.88013227
6818.75459568
6327.07461126
5834.78017089
5341.77716305
4847.96651748
4353.30864576
3857.84381666
3361.63971018
2864.92079804
2367.8256161
1870.45211827
1373.28398189
875.505065272
384.712811504
66.9758046464
-9.01038205135
-9.56383151408
8288.47224907
7798.30844944
7307.68422396
6816.54892758
6324.84830093
5832.50427998
5339.36355243
4845.21213917
4349.91632308
3853.57724729
3356.22852393
2858.22409189
2359.71973067
1861.05201263
1363.63265276
868.059043903
385.188052785
71.9247207045
-9.15492366863
-9.57016198498
8286.74106789
7796.58457646
7305.97831339
6814.87522787
6323.22313849
5830.91975375
5337.73803881
4843.34464974
4347.2389187
3849.90037221
3351.25483126
2850.59615593
2349.96519398
1850.06113298
1351.83039084
856.572775373
378.338489953
73.5702527316
-9.33709331108
-9.56253029818
8285.45835088
7795.31701766
7304.75021214
6813.73365434
6322.25508585
5830.23631192
5337.43123093
4842.8788984
4345.40165725
3846.15118184
3342.33812869
2830.15818578
2336.62456513
1838.3104912
1337.16281358
835.311742971
351.957867522
58.6275980201
-9.25913629692
-9.53394770636
8284.60907421
7794.47955602
7303.93892057
6812.97276398
6321.58885599
5829.86303774
5337.87912193
4844.48278055
2331.32520505
1829.21970631
1321.76387019
806.677377035
312.550212838
37.5776239486
-8.89343527089
-9.44786143718
8284.19064763
7794.07221418
7303.55993202
6812.65693832
6321.42170489
5829.96823123
5338.44911095
4846.95944343
2328.77143722
1824.28930816
1310.73373458
782.145754226
278.347474534
24.4374640037
-8.21479490745
-9.40374520178
8284.19246679
7794.07447641
7303.56304179
6812.66116385
6321.42712493
5829.97527469
5338.45692184
4846.96791997
2328.7695984
1824.28480607
1310.72482175
782.124841164
278.315206687
24.4239559355
-8.21437734625
-9.40360100633
8284.61475529
7794.48646176
7303.94821721
6812.98533742
6321.60498654
5829.8814224
5337.90026048
4844.50562688
2331.31627467
1829.20383956
1321.74078991
806.644107798
312.514030256
37.5614710939
-8.89358952961
-9.44788219925
8285.46842925
7795.32884289
7304.76550173
6813.75360865
6322.28008978
5830.2661531
5337.46467165
4842.91521687
4345.44017485
3846.18520562
3342.36190785
2830.16792443
2336.6225829
1838.29898009
1337.14367077
835.285135043
351.934603261
58.6188305715
-9.25974378047
-9.53410008957
8286.75591799
7796.60150695
7305.99942255
6814.90203515
6323.25623003
5830.95870925
5337.78149096
4843.38960832
4347.28267575
3849.93794547
3351.28207484
2850.60968647
2349.96392009
1850.0482902
1351.81262956
856.55217417
378.324969704
73.5682293845
-9.33743592229
-9.56261294885
8288.49296073
7798.33140585
7307.71171652
6816.58255455
6324.88854239
5832.5503516
5339.41353769
4845.26321479
4349.96519573
3853.61963679
3356.26071248
2858.24333649
2359.72472003
1861.04580287
1363.62073187
868.044390665
385.179236871
71.9240240932
-9.15502888983
-9.57019422186
8290.68815807
7800.52979606
7309.91515828
6818.79580894
6327.12234936
5834.83335706
5341.83363382
4848.02333651
4353.36236811
3857.8908272
3361.67687676
2864.94635477
2367.83966065
1870.45666406
1373.28175646
875.497222877
384.70577437
66.9742432917
-9.01036727828
-9.56383021547
8293.34173799
7803.1962137
7312.60586154
6821.52786548
6329.92359477
5837.75285934
5344.96635713
4851.5268556
4357.43268779
3862.72133141
3367.47030576
2871.79033151
2375.74457365
1879.41753261
1382.8288942
884.642296946
389.35036553
66.5625195706
-8.97578305357
-9.56096757093
8296.44683438
7806.32190743
7315.77087977
6824.75826824
6333.25670457
5841.24542639
5348.70493041
4855.62899044
4362.03629931
3867.97348009
3373.51763967
2878.75924977
2383.76138342
1888.5909681
1393.28773286
897.117077298
403.504157659
73.00831427
-9.02667331644
-9.57463722145
8299.99017841
7809.89127872
7319.38933304
6828.45592944
6337.07329617
5845.23481894
5352.93966433
4860.19997851
4367.04811067
3873.54113442
3379.76242696
2885.81379401
2391.80357186
1897.87016267
1404.22689625
910.979979383
421.892163265
84.6978460269
-9.10390921693
-9.58396075336
8303.9535788
7813.88370271
7323.43523924
6832.58576444
6341.32466487
5849.65490571
5357.58691099
4865.14405008
4372.36769371
3879.32291103
3386.10407294
2892.8377568
2399.69063812
1906.90627034
1414.86972187
924.227753851
439.389526278
96.4458826079
-9.12024321832
-9.56044659298
8308.3166695
7818.27634368
7327.88148162
6837.11428954
6345.96861242
5854.45346335
5362.58532061
4870.39232895
4377.91994573
3885.23679813
3392.44123705
2899.67155288
2407.13072857
1915.12850852
1424.08834371
934.666211307
451.799484446
104.163194354
-9.02113101213
-9.54471601881
8313.05840624
7823.04635271
7332.70252828
6842.01187572
6350.97083264
5859.59079368
5367.88983842
4875.89607017
4383.65366085
3891.22923514
3398.71914036
2906.2612347
2414.05742366
1922.40151942
1431.72284395
942.657945508
459.803601124
108.7920644
-8.6657071426
-9.54520230477
8318.15710869
7828.17159766
7337.87515958
6847.25402624
6356.30521319
5865.03954961
5373.47262988
4881.62884718
4389.54417529
3897.27342708
3404.89762418
2912.53290359
2420.35360651
1928.62799373
1437.76862268
948.447894809
463.592954785
110.215104603
-8.23569638952
-9.56899089106
8323.59263591
7833.6318148
7343.3794681
6852.82112632
6361.95314638
5870.78340428
5379.32269341
4887.5870278
4395.59972264
3903.39593619
3411.02552547
2918.56174
2426.11396062
1933.86199061
1442.10262528
951.885170337
464.225081667
107.775756423
-8.46322450148
-9.60480570102
8329.34762087
7839.4096084
7349.19884763
6858.69859502
6367.90296701
5876.81604859
5385.44138381
4893.78494251
4401.85585527
3909.66324896
3417.21883151
2924.53011997
2431.61684123
1938.50157545
1445.21208773
953.271759276
460.678304341
101.955660946
-8.82526483329
-9.60162647211
8335.40372912
7845.48449874
7355.31508196
6864.87121443
6374.14509611
5883.13491762
5391.83763848
4900.24911736
4408.36260061
3916.16691031
3423.64198109
2930.71931066
2437.31732398
1943.28583878
1448.48207512
954.170544851
456.944020456
97.5029598884
-8.96796584082
-9.61924882493
8341.74405185
7851.83545821
7361.71235877
6871.326222
6380.67255986
5889.74007757
5398.52262747
4907.0061882
4415.16944942
3922.98980096
3430.44954789
2937.37808486
2443.69619495
1949.17398225
1453.4689739
957.322216884
458.164404066
96.8815857506
-9.00537018712
-9.58307602547
8348.35230783
7858.43473336
7368.37574719
6878.048528
6387.4808766
5896.63128889
5405.50553393
4914.08424835
4422.33569404
3930.22204686
3437.68608082
2944.61447095
2450.87417659
1956.25436444
1460.43996516
963.218053594
464.686452722
99.7509997825
-9.02080482991
-9.56245172252
8355.17881334
7865.33170681
7375.29358666
6885.02862047
6394.53266036
5903.78640907
5412.77534676
4921.47592079
4429.8529578
3937.86111901
3445.43774827
2952.48949691
2458.89570529
1964.48995352
1469.07506637
972.40677767
474.054619474
105.916109253
-9.01027863163
-9.5564317152
8362.23997757
7872.43306245
7382.43752204
6892.24186187
6401.83638009
5911.20514021
5420.32874957
4929.18090189
4437.7253313
3945.91506146
3453.69065932
2960.97578847
2467.67835399
1973.69440632
1478.94625911
983.416630257
487.063782414
114.364484989
-8.87595857427
-9.55941229174
8369.49964311
7879.72556016
7389.78344339
6899.66659978
6409.3664484
5918.86741909
5428.14916194
4937.18463094
4445.93831152
3954.36547417
3462.41147368
2970.0131084
2477.10157279
1983.61521804
1489.53599345
994.938943037
500.083350132
121.899687676
-8.48631555725
-9.57060416201
8376.92696218
7887.18612509
7397.30371798
6907.27595059
6417.0952195
5926.74681328
5436.21087782
4945.4612588
4454.46447039
3963.1789124
3471.55467393
2979.53559326
2487.06206248
1994.08236223
1500.57252385
1006.58849609
512.235048317
128.057842358
-8.129728578
-9.58896010201
8384.49082721
7894.78472485
7404.96793856
6915.03874483
6424.99081221
5934.81094925
5444.48078484
4953.97634835
4463.26688422
3972.3143282
3481.07253802
2989.48794457
2497.5003142
2005.04658823
1512.064232
1018.51551726
524.220180765
133.870047825
-7.84745752711
-9.6276576946
8392.15639417
7902.48736424
7412.74170611
6922.91977952
6433.01703158
5943.02224906
5452.91951286
4962.68808869
4472.3010678
3981.7243922
3490.9159642
2999.8237577
2508.38451912
2016.51985784
1524.12488808
1031.05951874
536.972865401
140.565393596
-7.44468664451
-9.78731418953
8399.88660444
7910.25687062
7420.58723946
6930.88017059
6441.13333379
5951.33814333
5461.48192326
4971.54803109
4481.51466447
3991.35337702
3501.0276725
3010.49000257
2519.67794369
2028.5060625
1536.84700789
1044.50366725
551.022943724
149.239665236
-6.0193662064
-9.61783762653
8407.64281339
7918.05401371
7428.46420429
6938.87785369
6449.29529147
5959.71107686
5470.11659324
4980.50030249
4490.84674562
4001.13519555
3511.33748715
3021.41583448
2531.3173299
2040.96556477
1550.24460582
1058.96854639
566.747914182
159.806904169
-4.17352791706
-9.57665445905
8415.38488263
7925.8381781
7436.33060299
6946.86877296
6457.45599914
5968.09029157
5478.76760151
4989.48248884
4500.22726055
4010.99071922
3521.75669922
3032.50227002
2543.19342073
2053.77904754
1564.18058669
1074.26979814
583.813145831
171.668923829
-1.85557286517
-9.57039576071
8423.0707014
7933.56643497
7444.14159435
6954.80560695
6465.56472754
5976.42065596
5487.37438969
4998.4272734
4509.58021391
4020.83313301
3532.18460533
3043.63027395
2555.16148534
2066.76326926
1578.41057275
1090.06335132
601.654718819
184.425193815
0.976333476573
-9.57798139737
8430.65800625
7941.19560618
7451.85255241
6962.64118401
6473.5706209
5984.6463076
5495.87448501
5007.26367318
4518.82368186
4030.56645541
3542.50619932
3054.65909459
2567.04446335
2079.6875692
1592.62105794
1105.90114454
619.618911785
197.743335058
4.27929292274
-9.59532586076
8438.10535949
7948.68345359
7459.41966709
6970.32895643
6481.42324662
5992.71158882
5504.20538374
5015.91996672
4527.87417912
4040.0917456
3552.60180428
3065.44067401
2578.65435658
2092.30425078
1606.47370381
1121.29922297
637.004588795
211.012403348
7.92178165927
-9.6197309034
8445.37312353
7955.9895545
7466.80083419
6977.82414466
6489.07388507
6000.56260699
5512.30639938
5024.32675513
4536.65072212
4049.31246431
3562.3547614
3075.83145165
2589.81070019
2104.38070437
1619.65787744
1135.8155084
653.1086397
223.315712632
11.5758092023
-9.67535855397
8452.42371683
7963.07570672
7473.95612563
6985.08434472
6496.47684821
6008.14911207
5520.1211143
5032.41943997
4545.07795815
4058.13951745
3571.65831355
3085.70208578
2600.35617975
2115.72714999
1631.94616088
1149.18072998
667.609991531
234.314586425
15.0275152989
-9.71881719449
8459.2226776
7969.90661945
7480.84881564
6992.07097858
6503.59085925
6015.42611313
5527.59938789
5040.14106193
4553.0899039
4066.49546187
3580.41994139
3094.94265629
2610.1621765
2126.20185737
1643.20300131
1161.31469969
680.594798459
243.460113016
16.3675627916
-9.99384719895
8465.73874575
7976.45016742
7487.44627056
6998.75057842
6510.38032135
6022.35529169
5534.69938436
5047.444837
4560.63318329
4074.31732443
3588.56554623
3103.46458057
2619.12511253
2135.69136119
1653.33556153
1172.24760635
692.548032414
253.315125963
20.1091413429
-10.8460957382
8471.94372008
7982.679187
7493.72053142
7005.09257212
6516.8146767
6028.9051359
5541.38785225
5054.294981
4567.66787239
4081.55981928
3596.03999749
3111.19847755
2627.15558292
2144.07572873
1662.1815476
1181.75956174
703.069733425
263.395167065
24.7711206854
-10.1349126282
8477.81466978
7988.56995223
7499.64906693
7011.07751439
6522.87378509
6035.05518836
5547.64412861
5060.67058872
4574.17295912
4088.20077379
3602.81763641
3118.1099402
2634.1960141
2151.24817476
1669.53244857
1189.49282128
711.949905843
274.057300571
31.6515573049
-9.5536484237
8483.33773215
7994.10748843
7505.21691251
7016.68932204
6528.54234522
6040.79145273
5553.45619028
5066.56250216
4580.14307756
4094.2390562
3608.90343032
3124.20646091
2640.24379733
2157.15912491
1675.17815936
1194.69361928
716.487603627
276.010950903
31.7164920929
-9.14815061897
8488.49733426
7999.27986041
7510.41152917
7021.91644348
6533.81064063
6046.10693661
5558.82104563
5071.97338604
4585.58875064
4099.69683899
3614.33470141
3129.54678108
2645.38986864
2161.93898559
1679.29725163
1197.57023234
716.794043392
270.948005227
26.8341899635
-9.71165901063
8493.28418807
8004.07530952
7515.22299675
7026.75104008
6538.67359242
6051.0004629
5563.74300021
5076.9153661
4590.53319725
4104.61504387
3619.17779212
3134.23884385
2649.80986259
2165.88957481
1682.47796822
1199.4335648
716.42933514
267.907397183
25.1448402947
-9.43510142487
8497.6884924
8008.4857924
7519.64472003
7031.18865782
6543.12985251
6055.47502657
5568.23118979
5081.40622216
4595.00847882
4109.04280855
3623.51185517
3138.40810339
2653.71039709
2169.37008151
1685.24564139
1201.16630338
716.687727012
266.712437638
24.735625182
-9.49038878535
8501.70438073
8012.50612509
7523.67270271
7035.22734629
6547.18049489
6059.5360114
5572.29705088
5085.46677049
4599.04589706
4113.03061665
3627.41164299
3142.17077928
2657.2490263
2172.54879944
1687.93577275
1203.2058725
718.011204743
267.479859702
24.9367370447
-9.61426762309
8505.32775779
8016.13273071
7527.30452267
7038.86653023
6550.82762181
6063.189374
5575.95218305
5089.11559556
4602.67517147
4116.62111602
3630.93495895
3145.6066179
2660.5250328
2175.61031066
1690.7137912
1205.6437351
720.145404523
269.192113642
25.5309236043
-9.6138207461
8508.55564972
8019.36309319
7530.53866804
7042.10611569
6554.07331437
6066.4401501
5579.20544868
5092.36653368
4605.91781448
4119.84811654
3634.16346407
3148.75995696
2663.61540797
2178.62659749
1693.64364628
1208.4817174
722.896540618
271.229182771
25.8694555705
-9.59210173097
8511.38583249
8022.19534021
7533.37391947
7044.94593673
6556.91876595
6069.29127639
5582.061672
5095.22687337
4608.78286171
4122.72946409
3637.03000221
3151.64828049
2666.53671353
2181.61143029
1696.73295317
1211.71895798
726.196560555
274.078949574
26.7593247238
-9.592173627
8513.81646017
8024.62775189
7535.80903576
7047.38534981
6559.3640458
6071.74355045
5584.52201025
5097.69677678
4611.26388722
4125.23984311
3639.57264484
3154.25979737
2669.26033151
2184.52108729
1699.94081996
1215.37355743
729.884909095
277.970156824
28.2297958542
-9.60104162817
8515.84574262
8026.65842686
7537.84240327
7049.42297147
6561.40784986
6073.79541944
5586.58500007
5099.77513209
4613.35943256
4127.37358147
3641.76776414
3156.55308456
2671.71349968
2187.24144272
1703.12622719
1219.57089452
733.643456055
282.518121313
29.6287532673
-9.60807796786
8517.47178262
8028.28494374
7539.47176033
7051.05632171
6563.04703345
6075.4429783
5588.24576457
5101.46037295
4615.10347549
4129.12612393
3643.58295033
3158.47082644
2673.79217142
2189.56814053
1705.76412138
1223.92944385
738.353651819
286.74121326
31.1284350225
-9.61839655984
8518.69282196
8029.50498513
7540.694163
7052.28174087
6564.27689013
6076.67890857
5589.48935812
5102.71431138
4616.36853494
4130.44768241
3644.97179815
3159.94979171
2675.40536996
2191.38976357
1707.5624802
1225.42447183
742.802320751
290.318362895
32.8729634372
-9.61729832428
8519.51067448
8030.32182472
7541.51244365
7053.1016283
6565.09955439
6077.50533081
5590.31869095
5103.54070536
4617.2041796
4131.33645528
3645.90502236
3160.93890262
2676.46207103
2192.4617279
1708.8121823
1226.25583963
743.970689955
291.764744714
33.8462362263
-9.61896985688
8519.94994426
8030.76056196
7541.95444879
7053.54905993
6565.55425073
6077.97189699
5590.80705536
5104.07049411
4617.73989668
4131.81124382
3646.37595091
3161.42425053
2676.95637288
2192.94174782
1709.25347601
1226.29242602
743.378845578
293.000539937
36.9976700008
-9.6272099005
)
;
    }
    atmosphere
    {
        type            calculated;
        value           nonuniform List<scalar> 
100
(
-9.81180492228
-9.81104283379
-9.81094616423
-9.81075338217
-9.81033298564
-9.81010351307
-9.81000690173
-9.82677290062
-10.7242364308
-15.9313740187
-17.9807116147
-9.80230525268
-9.81005945489
-9.81
-9.81
-9.81467817492
-9.81
-12.7461321899
-13.3476470958
-10.525528011
-9.81464864689
-9.81007102938
-9.8101515234
-9.81014173542
-9.81014605831
-9.81
-10.2708939116
-9.85284565075
-9.81
-9.81009616731
-9.81
-9.81000488892
-9.81061111849
-9.82640535749
-9.89917681887
-9.81000036592
-9.81000012197
-9.81304274473
-9.81263893512
-9.81006084483
-9.81
-9.81
-9.81129781928
-9.81254573545
-9.81299293826
-9.82047018067
-9.83005235976
-9.84175755978
-9.85498361804
-9.81087298286
-9.81087024513
-9.8549893629
-9.84176015279
-9.83005906203
-9.82047703411
-9.81299681398
-9.81254887238
-9.81130002351
-9.81
-9.81
-9.8100622295
-9.8126222575
-9.8130436457
-9.81000012005
-9.81000036014
-9.89796777225
-9.82566604971
-9.81069834334
-9.8100039558
-9.81
-9.81011930761
-9.81001025769
-9.81109639954
-10.2456012462
-9.81
-9.81015385444
-9.81016474988
-9.8101967895
-9.81017565762
-9.81027665223
-9.81058978501
-9.81154687445
-9.81
-11.8817711908
-9.81033379316
-9.81170971126
-9.81201955901
-11.075398278
-9.81
-9.81566213041
-9.81238894841
-9.81002725008
-9.81000445098
-9.81001663816
-9.81012079528
-9.81034936072
-9.81077244757
-9.81095820397
-9.81105163392
-9.81182118836
)
;
    }
    floatingObject
    {
        type            calculated;
        value           nonuniform List<scalar> 
16
(
4345.40165725
3846.15118184
3342.33812869
2830.15818578
4599.67427008
2576.13161911
4602.15095029
2573.57805
4602.15943833
2573.5764714
4599.69721576
4345.44017485
3846.18520562
3342.36190785
2576.12331568
2830.16792443
)
;
    }
}


// ************************************************************************* //
