/*--------------------------------*- C++ -*----------------------------------*\
| =========                 |                                                 |
| \\      /  F ield         | OpenFOAM: The Open Source CFD Toolbox           |
|  \\    /   O peration     | Version:  v2012                                 |
|   \\  /    A nd           | Website:  www.openfoam.com                      |
|    \\/     M anipulation  |                                                 |
\*---------------------------------------------------------------------------*/
FoamFile
{
    version     2.0;
    format      ascii;
    class       surfaceScalarField;
    location    "5.9";
    object      phi;
}
// * * * * * * * * * * * * * * * * * * * * * * * * * * * * * * * * * * * * * //

dimensions      [0 3 -1 0 0 0 0];
oriented        oriented;


internalField   nonuniform List<scalar> 
3840
(
1.24874398838e-05
-1.24868517773e-05
2.38749438123e-05
-1.13869567328e-05
3.4915579076e-05
-1.10402557021e-05
4.5937634347e-05
-1.10219199527e-05
5.70954765385e-05
-1.11579714068e-05
6.8532425696e-05
-1.1437441296e-05
8.02280601698e-05
-1.16964795498e-05
9.20765938167e-05
-1.18494931321e-05
0.000104338624097
-1.22633927129e-05
0.000116708344202
-1.23703507352e-05
0.000129367970593
-1.26601012409e-05
0.000141997683379
-1.26300854605e-05
0.000154425023234
-1.24276342947e-05
0.00016598171718
-1.15569083858e-05
0.000173645552367
-7.66397093687e-06
0.000175425092128
-1.77960291336e-06
0.000180257492001
-4.83242417922e-06
0.000203550213772
-2.32922835775e-05
0.00025185824499
-4.83063653493e-05
-0.000171923226463
1.12278844417e-05
-2.37141700312e-05
2.23410677928e-05
-2.24996723867e-05
3.32506177086e-05
-2.19495382451e-05
4.41318582773e-05
-2.19031477469e-05
5.51515122108e-05
-2.21778634993e-05
6.63617277456e-05
-2.2648185638e-05
7.78277262876e-05
-2.31632517049e-05
8.96260390671e-05
-2.36486846309e-05
0.000101383675432
-2.40221988969e-05
0.000113474472617
-2.44616385328e-05
0.000125946158256
-2.51321638493e-05
0.00013863993342
-2.53241520533e-05
0.00015154113813
-2.53290657195e-05
0.000163878269285
-2.38942080079e-05
0.000177169752767
-2.09555580439e-05
0.000193474082443
-1.80839809703e-05
0.000207070189253
-1.84284987528e-05
0.000209170863291
-2.53953797471e-05
0.000100967677749
5.98994577105e-05
0.000166594375377
1.05320562718e-05
-3.42457609848e-05
2.12295782947e-05
-3.31968541446e-05
3.18955864317e-05
-3.26154072749e-05
4.25693189231e-05
-3.25769694323e-05
5.33481489065e-05
-3.29569867237e-05
6.43193014439e-05
-3.36198258321e-05
7.55297002979e-05
-3.43742466159e-05
8.70092617379e-05
-3.51288096793e-05
9.88518132804e-05
-3.58655760048e-05
0.00011110079294
-3.67108387505e-05
0.000123227278153
-3.72588236921e-05
0.000135772775611
-3.78697913601e-05
0.00014843522859
-3.79916466908e-05
0.000161306355893
-3.67654364188e-05
0.00017464275781
-3.42920270573e-05
0.000192948419051
-3.63896709276e-05
0.000210771396498
-3.62514789511e-05
0.000220102757925
-3.47273139924e-05
0.000105628234726
0.000174365866802
0.00108502694025
1.01748413403e-05
-4.44202850629e-05
2.05166640382e-05
-4.35384891708e-05
3.08830655788e-05
-4.29817992867e-05
4.13196300389e-05
-4.30137048262e-05
5.19179639434e-05
-4.35556277011e-05
6.26341542701e-05
-4.43363891649e-05
7.36401180005e-05
-4.53805710332e-05
8.50134055783e-05
-4.65024071067e-05
9.67554986504e-05
-4.76080345746e-05
0.000108851491702
-4.88069439367e-05
0.000121326714004
-4.97339144616e-05
0.000134207563863
-5.07505970511e-05
0.000147095262229
-5.08793550157e-05
0.000160001970075
-4.96721775527e-05
0.000174421122611
-4.87112060209e-05
0.000194797154868
-5.67657135524e-05
0.000215251835801
-5.67061962335e-05
0.000228116860279
-4.75979485203e-05
0.000215246455578
0.000187325299243
0.00145227247881
1.00177147933e-05
-5.44378446616e-05
2.00116411005e-05
-5.35323773693e-05
3.00494726762e-05
-5.30197321275e-05
4.01772061862e-05
-5.31416597409e-05
5.04736718847e-05
-5.38523753816e-05
6.10764255576e-05
-5.49394038185e-05
7.19716578587e-05
-5.6275970138e-05
8.3300768161e-05
-5.78314900641e-05
9.50930001997e-05
-5.93999485828e-05
0.000107290182953
-6.10036991489e-05
0.000120104305698
-6.25474938608e-05
0.000133337786448
-6.39838592944e-05
0.000147246378537
-6.47878540228e-05
0.000161937092974
-6.43628640081e-05
0.000178462951444
-6.5237058707e-05
0.000195933109974
-7.42358697516e-05
0.000213091605645
-7.38646966073e-05
0.000234721736202
-6.92529866886e-05
0.000543003195765
-0.000120585490716
-0.00090213181853
9.81979640182e-06
-6.42576310824e-05
1.95286527721e-05
-6.32413163941e-05
2.92609686192e-05
-6.27522239e-05
3.90939910036e-05
-6.29749162468e-05
4.91472758722e-05
-6.3905884938e-05
5.95100952722e-05
-6.53023607245e-05
7.02534201222e-05
-6.70192889505e-05
8.14138573476e-05
-6.89916618265e-05
9.32158588783e-05
-7.12013785048e-05
0.00010564113564
-7.34282547964e-05
0.000118908472007
-7.58139460064e-05
0.000132903827736
-7.7978886284e-05
0.000148153668386
-8.00375362097e-05
0.000165207933947
-8.14170661043e-05
0.000183845497147
-8.38746001188e-05
0.000199177314137
-8.95676804551e-05
0.000211668434706
-8.63557497775e-05
0.000232419386736
-9.00202600204e-05
0.000414475585469
-0.000302508897149
-0.00151570887853
9.54207329263e-06
-7.37998003676e-05
1.89475630043e-05
-7.2646964518e-05
2.83745201722e-05
-7.21793882551e-05
3.7859764218e-05
-7.246037358e-05
4.76182809964e-05
-7.36645544647e-05
5.77125356717e-05
-7.53966428919e-05
6.82683293642e-05
-7.7574946756e-05
7.92003826787e-05
-7.99233177543e-05
9.09072779835e-05
-8.29075680482e-05
0.000103412909107
-8.59330971398e-05
0.000116720755009
-8.91207549109e-05
0.000131337443115
-9.25952160575e-05
0.000147663482864
-9.63634017136e-05
0.000166449785761
-0.000100203299121
0.000187442346274
-0.000104867139325
0.000202994357059
-0.000105119687976
0.000217252904907
-0.000100614196353
0.000233067501068
-0.000105843835952
9.19155794318e-05
-0.000161363675112
-0.000563638681916
9.13831346888e-06
-8.29382660758e-05
1.82171501436e-05
-8.17259864992e-05
2.72389876351e-05
-8.1201425078e-05
3.64289844102e-05
-8.16505420681e-05
4.57820608436e-05
-8.3017718938e-05
5.54977004266e-05
-8.51122379608e-05
6.5654440412e-05
-8.77314961862e-05
7.65019904193e-05
-9.07704399271e-05
8.78935164445e-05
-9.429845035e-05
0.000100212620782
-9.8251484836e-05
0.000113331240815
-0.000102238440765
0.000127910624463
-0.000107174298301
0.000143769596576
-0.000112222233226
0.000162339651249
-0.000118773303785
0.00018268413939
-0.000125211618414
0.000203573273075
-0.000126008824634
0.00022556245234
-0.000122603215163
0.000247744304062
-0.000128040928047
0.000163343411827
-7.69149751629e-05
-3.7231030962e-06
8.79080082423e-06
-9.17292269526e-05
1.73715296013e-05
-9.03068855117e-05
2.5938108421e-05
-8.97681679342e-05
3.46503144696e-05
-9.03628729976e-05
4.36002001164e-05
-9.19676493671e-05
5.28648773035e-05
-9.43768525453e-05
6.2603464747e-05
-9.74699116255e-05
7.29484987773e-05
-0.000101115140592
8.39555764312e-05
-0.000105305045549
9.56688958268e-05
-0.00010996432927
0.000108575871532
-0.000115144737334
0.000122121621998
-0.000120719858682
0.000137663611756
-0.000127764144801
0.00015449099557
-0.000135600670747
0.000173630655256
-0.000144351286156
0.000198635883817
-0.000151014063094
0.000229253053142
-0.000153220553593
0.000265266455126
-0.000164026028447
0.00024423276322
-5.59777954992e-05
0.00068759421204
8.25717380044e-06
-9.99865305785e-05
1.63847599289e-05
-9.84345983443e-05
2.44995264219e-05
-9.78830498208e-05
3.26428448166e-05
-9.85062751819e-05
4.10334157365e-05
-0.000100358249681
4.97886744749e-05
-0.000103132073007
5.896307615e-05
-0.000106644219323
6.87138168072e-05
-0.000110865694156
7.91187345875e-05
-0.000115709753602
9.02275746154e-05
-0.000121072955865
0.000102135529563
-0.000127052394338
0.000115339958053
-0.000133924232952
0.000129613666495
-0.000142037848978
0.000145481486914
-0.000151468511505
0.00016396865815
-0.000162838483121
0.000190260963878
-0.000177306384922
0.00022413193108
-0.000187091890905
0.000268674604549
-0.000208517265958
0.000420626231254
-0.000208109346119
-0.000465400368575
7.71589462262e-06
-0.000107702502449
1.52539705444e-05
-0.000105972744939
2.27433203744e-05
-0.000105372465096
3.03326951531e-05
-0.000106095703002
3.81202957355e-05
-0.000108145882566
4.62171934249e-05
-0.000111228983491
5.47533622675e-05
-0.000115180389589
6.37437769953e-05
-0.000119856102308
7.32797010623e-05
-0.000125245697607
8.35428203457e-05
-0.000131336147677
9.48021912119e-05
-0.000138311806269
0.00010701251232
-0.000146134620898
0.00012068959576
-0.00015571499454
0.000135620243213
-0.000166399214373
0.000152986676581
-0.000180204961026
0.000178616057542
-0.000202935795883
0.000210789750328
-0.000219265204684
0.000257902679539
-0.000255684737654
0.000417121177707
-0.000367138606401
-0.000755901097736
7.10261343841e-06
-0.000114805135409
1.4037168834e-05
-0.000112907317236
2.09005514364e-05
-0.000112235870002
2.78191386484e-05
-0.000113014320171
3.4906526782e-05
-0.000115233311365
4.22547067436e-05
-0.000118577219241
4.99269920633e-05
-0.000122852756547
5.80440490402e-05
-0.000127973278769
6.67177681368e-05
-0.00013391964003
7.5970191755e-05
-0.000140588820707
8.62195803808e-05
-0.000148561523761
9.77152839343e-05
-0.000157630483777
0.00011043153572
-0.000168431363104
0.000124956802311
-0.000180924570505
0.0001424891525
-0.000197737379067
0.000163967052616
-0.000224413739462
0.000192667391899
-0.000247965255655
0.000230989064767
-0.000294048538306
0.00018091901583
-0.000316969949893
-0.000381355488414
6.44278665596e-06
-0.000121247894484
1.27229774289e-05
-0.000119187485304
1.88808303507e-05
-0.00011839371306
2.50351806636e-05
-0.000119168679886
3.13697144783e-05
-0.000121567881488
3.79089184567e-05
-0.000125116496369
4.47116430755e-05
-0.000129655593602
5.18772976593e-05
-0.00013513912541
5.9491117034e-05
-0.000141533758487
6.78537941538e-05
-0.000148951858415
7.68994334689e-05
-0.000157607630417
8.69447760923e-05
-0.000167676037927
9.82960048657e-05
-0.000179782748598
0.000111617003431
-0.000194245692871
0.000127379334881
-0.000213499808231
0.000146649437114
-0.000243683900368
0.000168763976792
-0.000270079697096
0.000198484907722
-0.000323785563286
0.000184756279515
-0.000303233138439
-0.000172011467396
5.74395150589e-06
-0.000126991794296
1.13004690953e-05
-0.000124743962875
1.67726079851e-05
-0.000123865822951
2.22059573482e-05
-0.000124602015724
2.76677319778e-05
-0.000127029667703
3.32893414522e-05
-0.000130738150885
3.91290888924e-05
-0.000135495425563
4.5259850563e-05
-0.000141270037725
5.17674773856e-05
-0.000148041682211
5.87747361804e-05
-0.000155959471702
6.63654250253e-05
-0.000165198824329
7.48107100688e-05
-0.000176121566334
8.43807558207e-05
-0.000189352997724
9.58338708399e-05
-0.000205698994146
0.000109637507705
-0.000227303605537
0.000123646734651
-0.000257693244598
0.000140968996652
-0.000287401959388
0.000157834263864
-0.000340651834717
0.000157324665806
-0.00030274004421
-0.000114301605929
5.05293934007e-06
-0.000132044688716
9.85520938263e-06
-0.000129546203234
1.45297867107e-05
-0.000128540368076
1.91539844052e-05
-0.000129226175637
2.37681940847e-05
-0.000131643840834
2.84845947549e-05
-0.00013545448866
3.33680651503e-05
-0.000140378796101
3.84055727672e-05
-0.000146307575437
4.35736770838e-05
-0.000153209985626
4.91087409755e-05
-0.000161494800425
5.50741647596e-05
-0.000171164716821
6.15405826441e-05
-0.000182588253814
6.87656938447e-05
-0.000196578389796
7.71149386079e-05
-0.000214048504999
8.68405995722e-05
-0.000237029517512
9.7287206417e-05
-0.000268140015053
0.000108135687028
-0.000298250433057
0.000111824277532
-0.00034434588094
0.000108973925086
-0.00029987951736
-6.65080254344e-05
4.2831204448e-06
-0.000136327873657
8.40460124641e-06
-0.000133667737729
1.23144387948e-05
-0.000132450193912
1.61256414395e-05
-0.000133037319311
1.99045923027e-05
-0.000135422561308
2.36999762703e-05
-0.000139249531726
2.75265579005e-05
-0.000144205090425
3.13477359961e-05
-0.000150128620462
3.53162967053e-05
-0.000157178560732
3.92654114657e-05
-0.000165444109129
4.33707124902e-05
-0.000175270317878
4.7692154657e-05
-0.000186909960662
5.23271323344e-05
-0.000201213648313
5.74570743416e-05
-0.000219178757121
6.31124257224e-05
-0.00024268513443
6.86325024272e-05
-0.000273660277468
7.24852824629e-05
-0.000302103274767
6.55957297224e-05
-0.000337452991422
5.30174835571e-05
-0.000287302708672
-3.07225516675e-05
3.58893836939e-06
-0.000139917030379
6.93915443493e-06
-0.000137018094724
1.01684954416e-05
-0.000135679598064
1.32696312e-05
-0.000136138236196
1.62672225822e-05
-0.000138419735169
1.91268874443e-05
-0.0001421087249
2.1854524144e-05
-0.000146932320176
2.45231092591e-05
-0.000152796674231
2.70412904355e-05
-0.000159696697916
2.95061122174e-05
-0.000167909038993
3.18314643561e-05
-0.000177595931948
3.40279987276e-05
-0.000189106804697
3.59976197468e-05
-0.000203183650385
3.78775919936e-05
-0.000221059129511
3.91649668776e-05
-0.000243972893892
3.83241190129e-05
-0.000272819686777
3.45408299413e-05
-0.000298319966099
1.80570237112e-05
-0.000320977259735
4.1193772743e-06
-0.000273358756888
-1.4405049105e-05
2.82376120663e-06
-0.000142741119348
5.52172225839e-06
-0.00013971633528
8.01429185714e-06
-0.000138172217918
1.03678077611e-05
-0.000138491527183
1.25553160282e-05
-0.00014060683341
1.45458493286e-05
-0.000144098415179
1.62938328537e-05
-0.000148679726005
1.77983762825e-05
-0.000154300933621
1.91268334469e-05
-0.000161024971114
2.02391092076e-05
-0.000169021219602
2.09846775101e-05
-0.000178341489273
2.12845360457e-05
-0.000189406723855
2.09214577704e-05
-0.000202820694756
1.97693936247e-05
-0.000219907220522
1.77084917403e-05
-0.000241912143108
1.25386673983e-05
-0.000267649903628
3.52001943271e-06
-0.000289301425098
-1.56312489259e-05
-0.000301843145708
-2.58020375073e-05
-0.000263171736679
-1.87200236347e-05
2.19229843732e-06
-0.000144933920625
4.13585317502e-06
-0.00014166030004
5.87655815217e-06
-0.000139913218793
7.42194778168e-06
-0.000140036784027
8.76344951438e-06
-0.000141947850025
9.83724804893e-06
-0.000145171892438
1.06663462017e-05
-0.000149508497292
1.12766168664e-05
-0.000154910909378
1.15454433965e-05
-0.000161293561359
1.14464356469e-05
-0.000168922046464
1.0886943032e-05
-0.000177781906708
9.57254936312e-06
-0.000188092312194
7.38196829741e-06
-0.00020063015678
3.95572644482e-06
-0.000216481060907
-6.92417410622e-07
-0.000237264089081
-7.11275367847e-06
-0.000261229627162
-1.76526090759e-05
-0.000278761538732
-3.02438474606e-05
-0.000289250472123
-3.58761640286e-05
-0.000257540823306
-5.19659988172e-05
1.44479334576e-06
-0.000146379017018
2.64965714672e-06
-0.000142865434705
3.64088456335e-06
-0.00014090468423
4.36279316752e-06
-0.000140758617364
4.85839597386e-06
-0.000142443282186
5.13785122237e-06
-0.000145451095581
5.16671955508e-06
-0.000149537078653
4.89452070995e-06
-0.000154638425897
4.3085234929e-06
-0.000160707312337
3.18022731739e-06
-0.000167793549464
1.35818180562e-06
-0.00017595972277
-1.24346547229e-06
-0.000185490589802
-4.98904515947e-06
-0.000196884559503
-1.01968279408e-05
-0.000211273301997
-1.75187907231e-05
-0.000229942168038
-2.84783131298e-05
-0.000250270133927
-4.30546382084e-05
-0.000264185238266
-4.99069951576e-05
-0.000282397369671
-5.0660923752e-05
-0.000256787772394
-0.000103054218802
6.88148234416e-07
-0.000147067421559
1.16093246748e-06
-0.000143338429219
1.38097028427e-06
-0.000141124829128
1.35321665289e-06
-0.00014073084943
1.13238929855e-06
-0.000142222332661
7.0638051307e-07
-0.000145024886114
1.97711947555e-08
-0.000148850224714
-1.04743158526e-06
-0.000153570966395
-2.55149399532e-06
-0.000159203007563
-4.63065042347e-06
-0.000165714184021
-7.39177440011e-06
-0.000173198435779
-1.11188621572e-05
-0.000181763390797
-1.60530898133e-05
-0.000191950271643
-2.27314890398e-05
-0.00020459488502
-3.21333911688e-05
-0.000220540274395
-4.63087574333e-05
-0.000236094778443
-6.41345779487e-05
-0.000246359423939
-7.27344676157e-05
-0.000273798138794
-7.63402548722e-05
-0.00025318142345
-0.000145313557923
1.64424333831e-08
-0.00014708406368
-1.92326328474e-07
-0.000143129807502
-6.43766229277e-07
-0.000140673459048
-1.32761425568e-06
-0.00014004698336
-2.23205583214e-06
-0.000141317791488
-3.35577568214e-06
-0.000143901003718
-4.76248663354e-06
-0.000147443311905
-6.54780359177e-06
-0.000151785431433
-8.85972796424e-06
-0.000156890868458
-1.17616792094e-05
-0.000162812036767
-1.54148919256e-05
-0.000169545057491
-1.99648666756e-05
-0.000177213289607
-2.57886838987e-05
-0.000186126371864
-3.35766825995e-05
-0.000196806846173
-4.45216428277e-05
-0.000209595306429
-5.9839903918e-05
-0.000220776523365
-7.80693519965e-05
-0.000228129921356
-9.08274868205e-05
-0.000261045983536
-0.000105522780503
-0.000238480456614
-0.000182213331577
-6.06094241781e-07
-0.00014647805039
-1.43688278271e-06
-0.000142299058066
-2.48658848873e-06
-0.000139623742128
-3.75550625226e-06
-0.000138778001356
-5.27853224104e-06
-0.000139794653474
-7.08813239681e-06
-0.000142091255779
-9.2092598086e-06
-0.000145322015781
-1.16882612184e-05
-0.00014930625398
-1.46164843494e-05
-0.000153962469369
-1.81568905243e-05
-0.000159271459991
-2.24709049298e-05
-0.000165230885381
-2.76926875537e-05
-0.00017199137344
-3.42330723614e-05
-0.000179585891402
-4.27083220608e-05
-0.000188331548161
-5.43127256624e-05
-0.000197990899303
-6.93209342303e-05
-0.00020576833747
-8.62292667582e-05
-0.000211221555007
-9.81068885673e-05
-0.000249172100489
-0.000110685197108
-0.000225898650011
-0.000237078656734
-1.19804562725e-06
-0.000145279936286
-2.58202249221e-06
-0.000140914985423
-4.18871128953e-06
-0.000138016936867
-6.03452849218e-06
-0.000136932051924
-8.1053606693e-06
-0.000137723679348
-1.04641126296e-05
-0.000139732360315
-1.31511162023e-05
-0.000142634874269
-1.62201475613e-05
-0.000146237086181
-1.97291492008e-05
-0.000150453329644
-2.37992803601e-05
-0.000155201180399
-2.85792244607e-05
-0.000160450788257
-3.43429035722e-05
-0.000166227556727
-4.12966878582e-05
-0.000172632012649
-5.00759930882e-05
-0.000179552212065
-6.16870018262e-05
-0.000186379919182
-7.60924851722e-05
-0.000191362903511
-9.10374117363e-05
-0.000196276653208
-0.000101964587971
-0.000238244673351
-7.5023797341e-05
-0.000252839874721
-0.000314565335391
-1.73372558612e-06
-0.00014354603885
-3.64078309553e-06
-0.000139007737044
-5.76285696847e-06
-0.000135894672576
-8.09187942234e-06
-0.000134602850359
-1.06423260347e-05
-0.000135173072139
-1.3411711536e-05
-0.00013696283734
-1.65038850509e-05
-0.000139542582151
-2.0050966281e-05
-0.000142689903956
-2.41025950009e-05
-0.000146401592068
-2.86838924548e-05
-0.000150619756495
-3.38988299415e-05
-0.000155235715214
-3.99744323517e-05
-0.000160151833736
-4.7123390074e-05
-0.000165482982691
-5.58354608054e-05
-0.000170840139253
-6.70159318171e-05
-0.000175199504889
-8.0747299788e-05
-0.000177631601083
-9.48982531063e-05
-0.000182125720335
-0.000108453107968
-0.000224691483149
2.22476866165e-05
-0.000383539269937
-0.000328213403958
-2.20851017382e-06
-0.000141337251563
-4.60589919851e-06
-0.000136610045932
-7.19561993696e-06
-0.000133304655193
-9.98406428481e-06
-0.000131814131466
-1.2988759123e-05
-0.000132168134538
-1.61916186344e-05
-0.000133759772519
-1.96731414057e-05
-0.000136060894484
-2.35561898568e-05
-0.000138806709534
-2.7956377164e-05
-0.000142001218267
-3.28717578347e-05
-0.000145704213751
-3.8341452728e-05
-0.000149765844941
-4.44962151714e-05
-0.00015399691302
-5.17095214036e-05
-0.000158269581396
-6.02701738002e-05
-0.000162279486825
-7.08262697456e-05
-0.000164643493619
-8.33589391378e-05
-0.000165099033899
-9.66584405094e-05
-0.000168826256251
-0.000116069643528
-0.000205282305211
0.000122504541246
-0.000622113583166
-0.000218185234155
-2.64346189064e-06
-0.000138693563667
-5.48159266068e-06
-0.000133771680327
-8.50338578827e-06
-0.00013028263889
-1.1719045213e-05
-0.000128598271912
-1.51309636813e-05
-0.00012875604585
-1.87619174442e-05
-0.000130128681264
-2.26380120961e-05
-0.000132184693047
-2.67934188592e-05
-0.00013465122268
-3.1388087075e-05
-0.000137406435149
-3.65218892126e-05
-0.000140570344053
-4.21114585544e-05
-0.000144176214395
-4.82867936632e-05
-0.000147821537269
-5.52979401309e-05
-0.000151258433627
-6.35082623606e-05
-0.000154069209863
-7.31664022054e-05
-0.000154985429795
-8.43770694074e-05
-0.000153888434537
-9.78817452884e-05
-0.000155321597492
-0.000124766073542
-0.00017839858798
-1.47275518244e-05
-0.000732145241322
-0.000185407542509
-3.07794203066e-06
-0.000135615389914
-6.30000943881e-06
-0.000130549378408
-9.70776242034e-06
-0.000126874663535
-1.32961847336e-05
-0.000125009647853
-1.7063910829e-05
-0.000124988144772
-2.10233188277e-05
-0.000126169128414
-2.51857700674e-05
-0.000128022128893
-2.95639684439e-05
-0.000130272937636
-3.41951817961e-05
-0.000132775116051
-3.92938366242e-05
-0.000135471592841
-4.50193186121e-05
-0.000138450658752
-5.131554819e-05
-0.000141525293097
-5.83051129388e-05
-0.000144268892936
-6.63517087709e-05
-0.00014602267647
-7.62294579179e-05
-0.000145107763723
-8.84244497399e-05
-0.000141693511605
-0.000102421919404
-0.000141324106994
-0.000125168384247
-0.000155652714923
-0.000152597142016
-0.000704730511618
-0.000218627364276
-3.46451980544e-06
-0.000132150652833
-7.06409260915e-06
-0.000126949590361
-1.08238450429e-05
-0.000123114705375
-1.47393679016e-05
-0.00012109393351
-1.88120971457e-05
-0.000120915243243
-2.30453559693e-05
-0.000121935721146
-2.74511932004e-05
-0.000123616170034
-3.20539642953e-05
-0.000125670068423
-3.68957907155e-05
-0.000127933206675
-4.20157013553e-05
-0.000130351614624
-4.76147440593e-05
-0.000132851540431
-5.36944385833e-05
-0.000135445595843
-6.03692046452e-05
-0.000137594164369
-6.82763851308e-05
-0.00013811556618
-7.86173333081e-05
-0.000134766899874
-9.16014763631e-05
-0.000128709434988
-0.000106917594645
-0.000126007991786
-0.000123120990941
-0.000139449542568
-0.000155470874079
-0.000672383493461
-0.000258183302494
-3.82451786196e-06
-0.000128325953795
-7.7760780804e-06
-0.000122997853484
-1.18561867417e-05
-0.000119034424205
-1.60760860452e-05
-0.000116873866899
-2.04215740928e-05
-0.000116569597202
-2.48961233632e-05
-0.000117461029039
-2.95145343235e-05
-0.000118997636447
-3.43046036167e-05
-0.000120879895411
-3.92520174304e-05
-0.000122985700654
-4.43681201267e-05
-0.000125235436585
-4.96877551746e-05
-0.000127531820343
-5.53954659773e-05
-0.000129737884407
-6.1570068401e-05
-0.000131419598677
-6.88928646151e-05
-0.000130792835394
-7.92814030457e-05
-0.00012437843524
-9.30471351819e-05
-0.000114943758209
-0.000108800409326
-0.000110254720512
-0.000121814605868
-0.000126435500512
-0.00014723357764
-0.000646967101324
-0.000290331367586
-4.18091201796e-06
-0.000124144912551
-8.46031661838e-06
-0.000118718324802
-1.28443756146e-05
-0.000114650238811
-1.73350191014e-05
-0.000112383092805
-2.19267852266e-05
-0.00011197770013
-2.66182425362e-05
-0.000112769447665
-3.14131493386e-05
-0.000114202619613
-3.6316586768e-05
-0.000115976361376
-4.13153169571e-05
-0.000117986880919
-4.64302999183e-05
-0.000120120378961
-5.16330955028e-05
-0.000122328935702
-5.69076621474e-05
-0.000124463312062
-6.24067278253e-05
-0.000125920557262
-6.8925117559e-05
-0.000124274489268
-7.82155640004e-05
-0.000115088037387
-9.2067727583e-05
-0.000101091627575
-0.000107571071086
-9.47513721153e-05
-0.000119708808505
-0.0001142978609
-0.00015272066315
-0.000613956922887
-0.000307639520364
-4.53692908727e-06
-0.000119607914424
-9.11484169402e-06
-0.000114140348367
-1.37731215092e-05
-0.000109991887361
-1.85175385977e-05
-0.000107638592489
-2.33440503374e-05
-0.000107151097731
-2.8250383024e-05
-0.000107863025324
-3.32329205189e-05
-0.000109220001838
-3.83020520756e-05
-0.000110907157771
-4.34298436584e-05
-0.000112859019625
-4.86152618525e-05
-0.000114934899746
-5.38462672943e-05
-0.000117097849268
-5.88725910182e-05
-0.000119436971897
-6.40552647289e-05
-0.000120737881929
-7.00616723736e-05
-0.00011826808752
-7.81335594657e-05
-0.000107016156254
-8.98883203323e-05
-8.93368654325e-05
-0.000103075334626
-8.15643318918e-05
-0.000116782766381
-0.000100590432185
-0.00016282327256
-0.000567923323216
-0.000308244404389
-4.86945407958e-06
-0.000114738453656
-9.7232460622e-06
-0.000109286555707
-1.46421922805e-05
-0.00010507292984
-1.96310971334e-05
-0.000102649661209
-2.46850531373e-05
-0.00010209710483
-2.98141966488e-05
-0.00010273384333
-3.50375769006e-05
-0.000103996589387
-4.03084646933e-05
-0.000105636241002
-4.56939262947e-05
-0.000107473525174
-5.1130064729e-05
-0.00010949872583
-5.65753948912e-05
-0.000111652457776
-6.20538482988e-05
-0.00011395848497
-6.74265915293e-05
-0.000115365097182
-7.32917997059e-05
-0.000112402832022
-8.00630611361e-05
-0.000100244844136
-8.73506737395e-05
-8.20492070882e-05
-9.61172004745e-05
-7.27977633894e-05
-0.000114302457778
-8.2405151053e-05
-0.000167757057977
-0.000514475425576
-0.000291438274078
-5.11866465318e-06
-0.000109619843215
-1.03066015943e-05
-0.000104098681126
-1.54930288454e-05
-9.98865549696e-05
-2.06845217905e-05
-9.74582065807e-05
-2.59445127976e-05
-9.68371430383e-05
-3.12770833377e-05
-9.74013008437e-05
-3.66999334271e-05
-9.85737712279e-05
-4.22444889975e-05
-0.000100091714522
-4.79331440788e-05
-0.000101784885716
-5.37696036799e-05
-0.000103662262354
-5.96765927039e-05
-0.000105745432407
-6.57867065921e-05
-0.000107848312397
-7.23293368619e-05
-0.000108822374649
-7.90324414336e-05
-0.000105699614262
-8.40829312024e-05
-9.51942374648e-05
-8.66537562002e-05
-7.94782855657e-05
-9.0503291048e-05
-6.89481784721e-05
-0.000108989573391
-6.39188462307e-05
-0.000172248709144
-0.000451217034955
-0.000262791233734
-5.44067090729e-06
-0.000104179283656
-1.08245405222e-05
-9.87149341565e-05
-1.6216045211e-05
-9.44951668602e-05
-2.1645032538e-05
-9.20293270359e-05
-2.71133634989e-05
-9.13689158089e-05
-3.26593197204e-05
-9.18554495763e-05
-3.82639072205e-05
-9.29692896509e-05
-4.4018900033e-05
-9.43368162734e-05
-4.9937016162e-05
-9.58668365015e-05
-5.60996994383e-05
-9.74996051233e-05
-6.25947289526e-05
-9.92503883794e-05
-6.96739141303e-05
-0.000100769036153
-7.72771606676e-05
-0.000101218979297
-8.44118247131e-05
-9.85647676198e-05
-8.87963680408e-05
-9.08095109085e-05
-8.81538347655e-05
-8.01206736831e-05
-8.70879823745e-05
-7.00139733959e-05
-0.000103126419512
-4.78804031438e-05
-0.000181259275094
-0.000373078775919
-0.000231123048147
-5.69170211338e-06
-9.84877432891e-05
-1.13314616006e-05
-9.30753509167e-05
-1.69378269942e-05
-8.8888977971e-05
-2.25581664266e-05
-8.64091637042e-05
-2.82065716101e-05
-8.57206902188e-05
-3.39009343163e-05
-8.61612709609e-05
-3.96972893122e-05
-8.71731155173e-05
-4.56002193491e-05
-8.84340439951e-05
-5.1666521514e-05
-8.98006460589e-05
-5.80208391125e-05
-9.1145335336e-05
-6.49424082037e-05
-9.23288171752e-05
-7.25386637988e-05
-9.31726542942e-05
-8.06135929128e-05
-9.31438460446e-05
-8.79252676445e-05
-9.12528489899e-05
-9.17803153846e-05
-8.6954224415e-05
-9.05571640804e-05
-8.13436413268e-05
-8.68801039511e-05
-7.36909547372e-05
-9.67375978992e-05
-3.8022842404e-05
-0.000170089438949
-0.00029972701913
-0.000203926405032
-5.97586471204e-06
-9.25120792024e-05
-1.18252620038e-05
-8.7226171114e-05
-1.76286222844e-05
-8.30858433566e-05
-2.34125681357e-05
-8.06254535848e-05
-2.92180236051e-05
-7.991548289e-05
-3.50642647234e-05
-8.03152857761e-05
-4.09725104114e-05
-8.12651165743e-05
-4.69677530117e-05
-8.24390097806e-05
-5.3114985451e-05
-8.36535556787e-05
-5.95400432057e-05
-8.47203360289e-05
-6.63196089317e-05
-8.5549249226e-05
-7.35897389692e-05
-8.59023662963e-05
-8.12196215406e-05
-8.55137167582e-05
-8.81951307899e-05
-8.42770532942e-05
-9.20567513961e-05
-8.30923291492e-05
-9.18278910516e-05
-8.15722949626e-05
-8.93479310375e-05
-7.61708215862e-05
-9.20995929824e-05
-3.52710665344e-05
-0.00013491149301
-0.000256921279131
-0.000182261726139
-6.19040809914e-06
-8.63218933878e-05
-1.22961250852e-05
-8.11206946599e-05
-1.82897512316e-05
-7.70924752595e-05
-2.42365387454e-05
-7.4678945853e-05
-3.01832127812e-05
-7.39691099892e-05
-3.61446797179e-05
-7.43541294902e-05
-4.21330068724e-05
-7.52770808136e-05
-4.81642229587e-05
-7.64080277202e-05
-5.4276057388e-05
-7.75418728712e-05
-6.0487388297e-05
-7.85090610733e-05
-6.68377136575e-05
-7.91989065851e-05
-7.33679732751e-05
-7.93719258385e-05
-8.0017836193e-05
-7.88635858576e-05
-8.60567433512e-05
-7.82378433371e-05
-9.0222113596e-05
-7.89266743561e-05
-9.17868402081e-05
-8.00073572845e-05
-9.25614109553e-05
-7.53961774035e-05
-9.25981041599e-05
-3.52343751087e-05
-9.96851452469e-05
-0.00024982450969
-0.000160304275596
-6.51343641525e-06
-7.98086795165e-05
-1.27839382213e-05
-7.48504345528e-05
-1.89415090739e-05
-7.09351738784e-05
-2.50408376823e-05
-6.85799199813e-05
-3.11101642745e-05
-6.79001135847e-05
-3.71650436256e-05
-6.8299584695e-05
-4.31984655357e-05
-6.92439573454e-05
-4.91998673686e-05
-7.0406894506e-05
-5.51975299411e-05
-7.15443875418e-05
-6.11122035422e-05
-7.25944531857e-05
-6.69365974661e-05
-7.33744411087e-05
-7.25714496809e-05
-7.37368476813e-05
-7.80144543307e-05
-7.34202726639e-05
-8.29024166075e-05
-7.33495570979e-05
-8.68022155624e-05
-7.50265696543e-05
-9.02920574309e-05
-7.65172924241e-05
-9.41563244577e-05
-7.15318179849e-05
-9.72273958755e-05
-3.2163242912e-05
-0.000112174401738
-0.000234873245892
-0.000142399059728
-6.74472629034e-06
-7.30641515798e-05
-1.3242236219e-05
-6.83531517455e-05
-1.95946578596e-05
-6.45830328687e-05
-2.58236320145e-05
-6.23512993566e-05
-3.20135638738e-05
-6.1710527254e-05
-3.8162913353e-05
-6.21506115271e-05
-4.42344070604e-05
-6.31729318637e-05
-5.02332547316e-05
-6.44083406571e-05
-5.60659598052e-05
-6.571191432e-05
-6.16672984352e-05
-6.69930216531e-05
-6.68013985465e-05
-6.82403275782e-05
-7.12910778833e-05
-6.9246892942e-05
-7.51054829512e-05
-6.96055509458e-05
-7.86098797502e-05
-6.98447864325e-05
-8.22854179221e-05
-7.13507233516e-05
-8.76247649962e-05
-7.11776835935e-05
-9.50554743738e-05
-6.41010128413e-05
-0.000101474940043
-2.57436667103e-05
-0.000136407383687
-0.000199940540226
-0.000127524100152
-6.92509260197e-06
-6.6139226763e-05
-1.36539153086e-05
-6.16245591816e-05
-2.0163082741e-05
-5.80742136896e-05
-2.65653390771e-05
-5.59493945699e-05
-3.29040683427e-05
-5.53723534295e-05
-3.91863540757e-05
-5.58689287946e-05
-4.53385761763e-05
-5.70210842651e-05
-5.1334166156e-05
-5.84131536844e-05
-5.71415652498e-05
-5.99045743418e-05
-6.25608904149e-05
-6.15737894462e-05
-6.69534275146e-05
-6.38475665623e-05
-6.99048351063e-05
-6.62952303694e-05
-7.15572761567e-05
-6.79527513055e-05
-7.30046538979e-05
-6.839708434e-05
-7.56470186765e-05
-6.87080292269e-05
-8.10949100046e-05
-6.57295725202e-05
-8.93069556309e-05
-5.58888919766e-05
-9.65955338596e-05
-1.84550414571e-05
-0.000136441105512
-0.000160088404737
-0.000109800515411
-7.17643049011e-06
-5.89629325081e-05
-1.40385798064e-05
-5.47626281111e-05
-2.07086215342e-05
-5.14044720748e-05
-2.72702419706e-05
-4.93883983119e-05
-3.3774178023e-05
-4.88689194361e-05
-4.02134590417e-05
-4.94301608668e-05
-4.65584818442e-05
-5.06765597768e-05
-5.27212562749e-05
-5.22509991851e-05
-5.88425752484e-05
-5.37835436364e-05
-6.46249668358e-05
-5.57913082055e-05
-6.88995521434e-05
-5.9572835823e-05
-7.04799094953e-05
-6.47145183832e-05
-6.9430081058e-05
-6.90021764457e-05
-6.80138411734e-05
-6.98128664447e-05
-6.84833732421e-05
-6.82381131382e-05
-7.17733595926e-05
-6.24392699763e-05
-7.28458920671e-05
-5.48162610488e-05
-7.63219260127e-05
-1.49792944864e-05
-9.64494222844e-05
-0.000139918032305
-7.63490277199e-05
-7.33254686664e-06
-5.16305337496e-05
-1.43224535668e-05
-4.77729736244e-05
-2.11339793224e-05
-4.45934504737e-05
-2.78581482824e-05
-4.26647242912e-05
-3.45742021548e-05
-4.21536974474e-05
-4.1278868751e-05
-4.27264210851e-05
-4.79490387876e-05
-4.40068762478e-05
-5.44677110103e-05
-4.57324579924e-05
-6.1453327905e-05
-4.67979602133e-05
-6.85302412133e-05
-4.87143244433e-05
-7.3517153632e-05
-5.45857965098e-05
-7.40327033937e-05
-6.41988089797e-05
-6.99265473233e-05
-7.3108183603e-05
-6.55896660528e-05
-7.41496179124e-05
-6.43490168335e-05
-6.94786715286e-05
-6.32175111827e-05
-6.35707227252e-05
-5.69917689738e-05
-6.10420058394e-05
-5.93215621387e-05
-1.26493412036e-05
-0.000112924435731
-8.6329054812e-05
-6.27405340951e-05
-7.43232627219e-06
-4.4198239223e-05
-1.45291376008e-05
-4.06762268229e-05
-2.14616035027e-05
-3.7661130628e-05
-2.83624809147e-05
-3.57641364295e-05
-3.53587386431e-05
-3.51579042119e-05
-4.2525893044e-05
-3.55594770798e-05
-4.97858689981e-05
-3.67470270554e-05
-5.70703833036e-05
-3.84479747242e-05
-6.58254943938e-05
-3.80428060105e-05
-7.58066319237e-05
-3.87330919952e-05
-8.28718749945e-05
-4.75204432379e-05
-8.25421974213e-05
-6.45283934467e-05
-7.43802598556e-05
-8.12700683908e-05
-6.77252309756e-05
-8.08046382534e-05
-6.85026652468e-05
-6.87012605752e-05
-7.62017639113e-05
-5.58716604015e-05
-8.38135895102e-05
-5.3430258285e-05
-8.48021940027e-05
-1.16610075285e-05
-9.84964948931e-05
-7.26009248512e-05
-4.02217399748e-05
-7.44458639621e-06
-3.6753628697e-05
-1.46006313447e-05
-3.35201775267e-05
-2.16224010547e-05
-3.06394013976e-05
-2.87288104569e-05
-2.86578241275e-05
-3.61576014378e-05
-2.77292159474e-05
-4.41594518763e-05
-2.75576956387e-05
-5.28124809163e-05
-2.80940144408e-05
-6.14273864614e-05
-2.98330237421e-05
-7.298003783e-05
-2.64900667083e-05
-8.76178854481e-05
-2.40951406158e-05
-9.82716358149e-05
-3.68666142112e-05
-9.7340519473e-05
-6.5459486183e-05
-8.23556015573e-05
-9.62550361405e-05
-7.26161205833e-05
-9.05442302037e-05
-7.58145776915e-05
-6.5502939902e-05
-9.16327186346e-05
-4.00536372743e-05
-0.000109875737099
-3.5187335925e-05
-0.0001046442701
-1.68924704914e-05
-9.64486181037e-05
-8.07950427034e-05
-3.68626096741e-05
-7.43050976871e-06
-2.93230392613e-05
-1.45568887222e-05
-2.63937302754e-05
-2.16257494086e-05
-2.35705025241e-05
-2.89628855694e-05
-2.13206811571e-05
-3.692303511e-05
-1.97690676213e-05
-4.62327032092e-05
-1.82480118966e-05
-5.69634940043e-05
-1.73631769928e-05
-6.8368892478e-05
-1.8427545231e-05
-8.22223998945e-05
-1.26364607155e-05
-9.91352417013e-05
-7.18221339064e-06
-0.000113845255163
-2.21565732889e-05
-0.00011501947966
-6.42853251405e-05
-9.03302344327e-05
-0.000120944508274
-7.91092543874e-05
-0.000101765537724
-8.45304993458e-05
-6.00820283264e-05
-9.89089081085e-05
-2.56754886249e-05
-0.000113357407482
-2.07390073376e-05
-0.000114520709109
-1.5729156947e-05
-0.000134010097588
-6.12985782743e-05
-1.07767472214e-05
-7.35637301882e-06
-2.19665433573e-05
-1.4325712953e-05
-1.94242751919e-05
-2.12806886176e-05
-1.6615438137e-05
-2.89733253983e-05
-1.36279833428e-05
-3.80979282136e-05
-1.064441856e-05
-4.94585377768e-05
-6.8873560048e-06
-6.23830058787e-05
-4.43865132915e-06
-7.94327009268e-05
-1.37777707472e-06
-8.71112626169e-05
-4.95781572176e-06
-0.000101105103375
6.81167307215e-06
-0.000116273296141
-6.98841710409e-06
-0.000123688541641
-5.68703687075e-05
-8.81996677722e-05
-0.000156433906108
-8.92231230014e-05
-0.000100742711138
-0.000103128360059
-4.61773582827e-05
-0.00012056399382
-8.24025546653e-06
-0.000137289098872
-4.01409759067e-06
-0.000135599246702
-1.74183822494e-05
-0.000147184318662
-4.97739756051e-05
-1.3526767547e-05
-7.24780529055e-06
-1.47185920559e-05
-1.3898732102e-05
-1.27732106211e-05
-2.00720117073e-05
-1.04420500631e-05
-2.62657791965e-05
-7.43414100508e-06
-3.37348146147e-05
-3.1753358748e-06
-4.47061155215e-05
4.08397565273e-06
-6.18670353745e-05
1.27222947068e-05
-8.96640528652e-05
2.64192718951e-05
-9.46218407475e-05
-8.78101744095e-05
-9.47987307918e-05
-0.00015166939363
-9.8342231764e-05
-0.000209761836151
-0.000103888744174
-9.51970179909e-05
-0.000126279787298
-2.37870112114e-05
-0.000143290121789
8.76960000842e-06
-0.000161186645763
1.38821345495e-05
-0.0001645543097
-1.40508628597e-05
-0.000182828239634
-3.14761402716e-05
-2.38061858396e-06
-6.93286210378e-06
-7.78557982501e-06
-1.30815503177e-05
-6.62438054936e-06
-1.83359316534e-05
-5.18756107362e-06
-2.24845972796e-05
-3.28541157436e-06
-2.49902807987e-05
-6.69630146721e-07
-2.39875103697e-05
3.08119425061e-06
-1.76102332081e-05
6.34498201574e-06
8.80900604892e-06
-9.7621155104e-05
-0.000112141795753
-0.000146203696784
-4.66156833103e-05
-0.000161605267466
-8.38648956049e-06
-0.000161563138915
8.7267147093e-06
-0.000156555842562
8.87438882578e-06
-0.000167730096162
-2.8769181087e-06
-0.000193532961338
-5.65069871155e-06
-5.73914185295e-07
-6.83673637684e-06
-9.48637651501e-07
-1.25167523806e-05
-9.44178401452e-07
-1.68142053869e-05
-8.89971717089e-07
-1.92713638434e-05
-8.28182982077e-07
-1.91855193665e-05
-7.55474797582e-07
-1.55007479062e-05
-6.03640226154e-07
-8.85331936999e-06
-3.02546053581e-07
-4.44190789372e-08
-0.000116940116695
4.79744569779e-06
-0.000169318268916
5.76163176626e-06
-0.000185099415257
7.3940180077e-06
-0.000184385784773
8.01264905297e-06
-0.000184275767434
8.7640511628e-06
-0.000200722414654
1.3568728788e-05
-0.000191307069888
-1.49678818817e-05
1.32111757829e-05
-6.79657924726e-06
5.84823446769e-06
-1.24526416807e-05
4.71214839127e-06
-1.68022919494e-05
3.45986885083e-06
-1.92950306768e-05
1.6646452198e-06
-1.91481713248e-05
-9.02356434811e-07
-1.53763874868e-05
-4.37553653856e-06
-8.80218282813e-06
-6.87695613655e-06
-8.84668878582e-06
-0.000115596900652
0.000120393360374
-0.000166883071622
5.70469619662e-05
-0.000183459423986
2.39697354796e-05
-0.000186920945902
1.1473757138e-05
-0.000206028777703
2.78716400536e-05
-0.000248345618829
5.58858285432e-05
-0.000280371020548
1.70423357333e-05
-4.76185029452e-05
-6.83298840347e-06
1.26815709153e-05
-1.29508567314e-05
1.08303481376e-05
-1.81121468429e-05
8.62140947366e-06
-2.22154910381e-05
5.76811717725e-06
-2.49740639951e-05
1.85621882942e-06
-2.39733004459e-05
-5.37641984928e-06
-1.74241645793e-05
-1.34262389662e-05
-2.62709377544e-05
-9.26005903892e-05
0.000212993045372
-0.000138327957805
0.000102773479402
-0.000152555772071
3.81969097994e-05
-0.000155300580017
1.42181839686e-05
-0.000157376934281
2.99478091245e-05
-0.00015159037467
5.00998053245e-05
-0.000161822201772
2.7229831101e-05
-3.91999648914e-05
-7.14069655669e-06
1.98228191064e-05
-1.37246269522e-05
1.74148326502e-05
-1.98524522561e-05
1.47496836986e-05
-2.61272094525e-05
1.20431546403e-05
-3.32892385735e-05
9.01833335358e-06
-4.42207909345e-05
5.55505739524e-06
-6.09205070138e-05
3.27328229873e-06
-8.78063791344e-05
6.14767115825e-07
-9.21933381768e-05
4.38688195962e-06
-8.44517985539e-05
-7.74163927641e-06
-9.1304973342e-05
6.85289684987e-06
-0.000147378162661
5.607261518e-05
-9.23931115271e-05
0.000158006751174
-9.24357216238e-05
0.000102814906444
-0.000106380934017
5.21411483719e-05
-0.00011226251879
2.00994733549e-05
-0.00010651341237
2.41985596228e-05
-7.55076636417e-05
1.90940038515e-05
-6.5756315329e-05
1.74834059652e-05
-2.30376905941e-05
-7.27615612123e-06
2.70994134783e-05
-1.41862839516e-05
2.43254190134e-05
-2.10679019268e-05
2.16316988978e-05
-2.85251827989e-05
1.95007244011e-05
-3.75565030947e-05
1.80498182637e-05
-4.87650258313e-05
1.6763638778e-05
-6.14799810726e-05
1.598822248e-05
-7.77697352049e-05
1.69044671179e-05
-8.46520009817e-05
1.12690617843e-05
-9.82064142794e-05
5.81264269025e-06
-0.00011197798413
2.06242348329e-05
-0.000117985443285
6.20796913844e-05
-7.95101750372e-05
0.000119531014176
-7.51969024639e-05
9.85011947068e-05
-8.07313342371e-05
5.76749555126e-05
-8.63513657711e-05
2.57193189505e-05
-8.38882987708e-05
2.17353834497e-05
-5.92142079267e-05
-5.58035610142e-06
-3.89524554592e-05
-2.75226002936e-06
5.44369207576e-06
-7.38399727588e-06
3.4483936417e-05
-1.44424280712e-05
3.13843924757e-05
-2.14154477118e-05
2.86051939185e-05
-2.86352432945e-05
2.67208795117e-05
-3.6459188919e-05
2.58739904238e-05
-4.5455303485e-05
2.57598599243e-05
-5.57921422206e-05
2.6325074256e-05
-6.67737313803e-05
2.78860045984e-05
-7.9959341778e-05
2.4454573979e-05
-9.59927947133e-05
2.18459574853e-05
-0.000109412991111
3.40442465959e-05
-0.000108991441475
6.16578989753e-05
-8.07111370453e-05
9.12504560407e-05
-6.55748194563e-05
8.33646660832e-05
-6.31529479493e-05
5.52527717517e-05
-6.59901957414e-05
2.85564887566e-05
-6.47927634847e-05
2.05378834901e-05
-5.87429048694e-05
-1.16305235995e-05
-9.53019314354e-05
3.38401649905e-05
1.81636351905e-05
-7.42030804508e-06
4.1904841847e-05
-1.44977789246e-05
3.84624643757e-05
-2.14230599023e-05
3.5530995286e-05
-2.83758933104e-05
3.36741041396e-05
-3.56003819311e-05
3.30987241704e-05
-4.33130187718e-05
3.3472606739e-05
-5.15458433568e-05
3.45578999823e-05
-5.97027994753e-05
3.60428853317e-05
-7.06186407481e-05
3.53702927608e-05
-8.43603714659e-05
3.55875423574e-05
-9.39448001239e-05
4.36285230643e-05
-9.15025085983e-05
5.92154641119e-05
-7.40215266576e-05
7.3769378882e-05
-5.99938870097e-05
6.93369894708e-05
-5.57075926474e-05
5.09664100228e-05
-5.49784539583e-05
2.78273610139e-05
-4.87760785828e-05
1.43355000749e-05
-4.81318410793e-05
-1.2274856863e-05
-8.80843864731e-05
7.38068411685e-05
3.88136552121e-05
-7.4099777753e-06
4.93154490096e-05
-1.4447183582e-05
4.55002866036e-05
-2.12667334485e-05
4.23510670627e-05
-2.80096612038e-05
4.04174122991e-05
-3.47656783473e-05
3.98549647656e-05
-4.16403661757e-05
4.03473725761e-05
-4.85372013148e-05
4.14546969808e-05
-5.53721478407e-05
4.28777158611e-05
-6.35967660645e-05
4.35947563608e-05
-7.29334370097e-05
4.49240555746e-05
-7.90990634118e-05
4.97940176879e-05
-7.7776745541e-05
5.78930712954e-05
-6.82807856021e-05
6.42734374731e-05
-5.9587171565e-05
6.06434692147e-05
-5.67724283235e-05
4.81517839438e-05
-5.9118052096e-05
3.01730693499e-05
-5.85007191405e-05
1.37182130046e-05
-4.94755445039e-05
-2.12999236271e-05
-7.17525139603e-05
9.60781396617e-05
6.60794550388e-05
-7.35209417016e-06
5.66681608557e-05
-1.42949668751e-05
5.24437488987e-05
-2.10033800457e-05
4.9059965494e-05
-2.75652093462e-05
4.69795787982e-05
-3.40671506935e-05
4.63570821059e-05
-4.04742306415e-05
4.67544805606e-05
-4.67844719171e-05
4.7764850957e-05
-5.29610331312e-05
4.9054118062e-05
-5.95298605847e-05
5.01633993789e-05
-6.61691980128e-05
5.15632257735e-05
-7.06929374717e-05
5.43176416643e-05
-7.08025401275e-05
5.80026506919e-05
-6.63830371744e-05
5.98540418889e-05
-6.28340893844e-05
5.70947199755e-05
-6.48873325215e-05
5.02052918676e-05
-7.27792223762e-05
3.80651034085e-05
-8.23071234223e-05
2.32461947237e-05
-8.206913796e-05
-2.15376180277e-05
-0.000102966751992
0.000116951080744
8.63305863148e-05
-7.17648586362e-06
6.38452172155e-05
-1.40358955377e-05
5.93036898569e-05
-2.06246156219e-05
5.56491089839e-05
-2.70396052364e-05
5.33948450474e-05
-3.3342543745e-05
5.26601400885e-05
-3.95419805764e-05
5.29538945877e-05
-4.55727775695e-05
5.37955175456e-05
-5.1422216736e-05
5.49033658601e-05
-5.72001152668e-05
5.59410955995e-05
-6.26139485839e-05
5.69768915133e-05
-6.67185001525e-05
5.84220964599e-05
-6.83610073967e-05
5.96451802093e-05
-6.79305054819e-05
5.94237227602e-05
-6.87702019001e-05
5.79347015177e-05
-7.40517349741e-05
5.54872125637e-05
-8.53977283054e-05
4.94112807436e-05
-9.9671041268e-05
3.75195587867e-05
-0.000110957818541
-1.02509089731e-05
-0.000135954944016
0.000141967037498
0.000106196702847
-6.98461534215e-06
7.08303330707e-05
-1.36935952897e-05
6.60131246277e-05
-2.01415795748e-05
6.20974433945e-05
-2.64249842592e-05
5.96784619212e-05
-3.26052727601e-05
5.88404950982e-05
-3.86911133314e-05
5.90396715331e-05
-4.46471360947e-05
5.97513813443e-05
-5.03886993742e-05
6.06447217e-05
-5.59294241616e-05
6.14816149859e-05
-6.11545573914e-05
6.22018667444e-05
-6.5516863316e-05
6.27843273506e-05
-6.87793157882e-05
6.2907695582e-05
-7.17495607612e-05
6.2394210337e-05
-7.54575571489e-05
6.16430454698e-05
-8.15469684266e-05
6.15770966674e-05
-9.04547458653e-05
5.83192814517e-05
-9.98898724174e-05
4.69547345478e-05
-0.00011773593256
7.59493356477e-06
-0.000158633396084
0.000182894563194
0.000124000179233
-6.81337179303e-06
7.76441683042e-05
-1.3318046408e-05
7.25182044639e-05
-1.9635760574e-05
6.84154581755e-05
-2.58225681167e-05
6.58654359126e-05
-3.19356457883e-05
6.49535967471e-05
-3.79874050479e-05
6.50913266026e-05
-4.39679274984e-05
6.57317060186e-05
-4.98348158615e-05
6.65113683596e-05
-5.56242976586e-05
6.72708916161e-05
-6.13288289935e-05
6.79062525408e-05
-6.67150282162e-05
6.81704701587e-05
-7.16357822663e-05
6.78285402476e-05
-7.66541025863e-05
6.7412805784e-05
-8.23440676407e-05
6.73333867037e-05
-8.90400406316e-05
6.82735882416e-05
-9.70500842033e-05
6.63295516296e-05
-0.000106094816226
5.5999541018e-05
-0.000124374374444
2.5874514929e-05
-0.000175651349252
0.000234177268808
0.000138759281815
-6.58713634612e-06
8.42317426251e-05
-1.29287174435e-05
7.8860159864e-05
-1.91382897511e-05
7.46252945029e-05
-2.52604820574e-05
7.1987750682e-05
-3.133873214e-05
7.1031817489e-05
-3.73958552228e-05
7.11482839673e-05
-4.34445465626e-05
7.17801355335e-05
-4.95280425049e-05
7.2594589607e-05
-5.56775257124e-05
7.34201263692e-05
-6.19289290411e-05
7.41574822545e-05
-6.82558211881e-05
7.44972949915e-05
-7.4836231097e-05
7.44090454795e-05
-8.13658206709e-05
7.39426708009e-05
-8.79960098658e-05
7.39639481524e-05
-9.50212651143e-05
7.52993616727e-05
-0.000103866345003
7.51748550945e-05
-0.000116615139665
6.8748404041e-05
-0.000130283925604
3.95432720546e-05
-0.00015048279988
0.000254388327053
0.000158933235987
-6.3073135971e-06
9.05394426629e-05
-1.25359901027e-05
8.50891603172e-05
-1.86464849453e-05
8.07360062105e-05
-2.46993414258e-05
7.80406851118e-05
-3.0737909914e-05
7.70703158441e-05
-3.67822184705e-05
7.71923903393e-05
-4.28653412011e-05
7.78629374257e-05
-4.9040856342e-05
7.87697510214e-05
-5.53963574846e-05
7.97753007301e-05
-6.19713132669e-05
8.07322252782e-05
-6.90536129496e-05
8.1579504341e-05
-7.65919399137e-05
8.19474524764e-05
-8.43848692534e-05
8.17358725584e-05
-9.17417486252e-05
8.13211812442e-05
-9.81098773076e-05
8.16679806232e-05
-0.000104475124002
8.15403134372e-05
-0.000114216932613
7.8490269433e-05
-0.000120690069255
4.6016393058e-05
-0.000121946906986
0.000255658741642
0.000183027504907
-6.136064036e-06
9.66760140748e-05
-1.21406128436e-05
9.10941466676e-05
-1.81113897465e-05
8.67070860996e-05
-2.40657966531e-05
8.39952129871e-05
-3.00430020352e-05
8.30474397335e-05
-3.60382989778e-05
8.3187391262e-05
-4.20922045878e-05
8.39164004606e-05
-4.82526901151e-05
8.49297121663e-05
-5.45651176098e-05
8.6087204239e-05
-6.11837750477e-05
8.73506359045e-05
-6.83726818794e-05
8.87683099933e-05
-7.63965998719e-05
8.99714464918e-05
-8.49746459506e-05
9.03141941601e-05
-9.27388048013e-05
8.90857252694e-05
-9.74236782097e-05
8.63533233245e-05
-9.89229947753e-05
8.30398361559e-05
-9.98172616107e-05
7.93846314145e-05
-0.000103104507995
4.93038214305e-05
-0.000139719390684
0.00029226291802
0.000201798001221
-5.82165997826e-06
0.000102497854134
-1.16241153964e-05
9.68967454763e-05
-1.7413669511e-05
9.24967171856e-05
-2.32310376527e-05
8.98125698889e-05
-2.90881184225e-05
8.89044134939e-05
-3.50310500872e-05
8.91301229344e-05
-4.10633157077e-05
8.99483906754e-05
-4.721952173e-05
9.10855903916e-05
-5.35274936743e-05
9.23946618018e-05
-6.00771447284e-05
9.38999208794e-05
-6.70203448183e-05
9.57113114397e-05
-7.47434994366e-05
9.76946363927e-05
-8.32510572929e-05
9.8822094081e-05
-9.09173560002e-05
9.67524160504e-05
-9.45796740504e-05
9.0016205148e-05
-9.24585815086e-05
8.09189645642e-05
-8.61410583989e-05
7.30672119075e-05
-9.1237902118e-05
5.44008499843e-05
-0.000170182229496
0.000371194452245
0.000224521923223
-5.57635713892e-06
0.000108074319571
-1.11252147709e-05
0.000102445681385
-1.67214031461e-05
9.80929274075e-05
-2.23741194998e-05
9.54652323255e-05
-2.81190229794e-05
9.46491807184e-05
-3.39665683005e-05
9.49774566067e-05
-3.9916562342e-05
9.58981156672e-05
-4.60242159715e-05
9.71929477645e-05
-5.232532435e-05
9.8695493134e-05
-5.8858877582e-05
0.000100433264912
-6.55732237207e-05
0.000102425592316
-7.25920000509e-05
0.000104713517217
-8.01741722076e-05
0.000106404719976
-8.72875288246e-05
0.000103866381629
-9.11190985711e-05
9.38483695317e-05
-8.89980165529e-05
7.87981200891e-05
-8.33274745747e-05
6.73967736961e-05
-8.87047475819e-05
5.97781682122e-05
-0.0001489617165
0.000431447630135
0.000253952815756
-5.27062591139e-06
0.000113345010136
-1.06238337316e-05
0.000107798928027
-1.60252522747e-05
0.0001034943323
-2.15074970579e-05
0.000100947391947
-2.70765271854e-05
0.000100218048106
-3.27719000311e-05
0.000100672597463
-3.86091243729e-05
0.000101735059467
-4.45699247656e-05
0.0001031534527
-5.06991892605e-05
0.000104824490772
-5.70035169289e-05
0.000106737397489
-6.34709022342e-05
0.00010889290176
-6.99381983985e-05
0.000111180933514
-7.62393634527e-05
0.000112706253475
-8.26152140318e-05
0.000110242903413
-8.70513620272e-05
9.82851515345e-05
-8.75911285853e-05
7.93381270292e-05
-8.69821187211e-05
6.67878394662e-05
-9.6901919144e-05
6.96978614993e-05
-0.000144207260749
0.000478766086828
0.000275547209211
-5.0381303773e-06
0.000118383185521
-1.00919711868e-05
0.000112852791604
-1.52496580613e-05
0.000108651990492
-2.05186366076e-05
0.000106216270057
-2.59154519454e-05
0.000105614684998
-3.14368846605e-05
0.000106193782778
-3.70981249956e-05
0.000107396006762
-4.28872179255e-05
0.000108942243664
-4.87968946698e-05
0.000110733901733
-5.47916664052e-05
0.00011273198407
-6.08159763807e-05
0.000114917144452
-6.67640170681e-05
0.000117129094642
-7.25059770309e-05
0.000118448552898
-7.81946024196e-05
0.000115931967946
-8.40957823799e-05
0.000104186931922
-8.97991325679e-05
8.50417110988e-05
-9.62793536686e-05
7.3268141713e-05
-0.000111188821456
8.46072897221e-05
-0.00016889144752
0.000536473755386
0.000291807423213
-4.7125252125e-06
0.000123095756886
-9.50740741542e-06
0.000117647700601
-1.44225620582e-05
0.000113567119633
-1.94662809161e-05
0.000111259888888
-2.46469898223e-05
0.000110795212447
-2.99674501632e-05
0.000111513989787
-3.54304906373e-05
0.000112858747551
-4.1038651398e-05
0.000114550097689
-4.67493710787e-05
0.000116444355285
-5.25454548922e-05
0.000118527887682
-5.83235770226e-05
0.000120695205798
-6.39752948643e-05
0.000122780932438
-6.96264978015e-05
0.000124100077688
-7.57450719947e-05
0.000122050958799
-8.36257331297e-05
0.000112068161511
-9.52214461911e-05
9.66376434468e-05
-0.000108279628035
8.63264220516e-05
-0.0001254575179
0.000101785224928
-0.000193761776019
0.000604770457552
0.000302421599152
-4.3644071153e-06
0.000127460227643
-8.87574847555e-06
0.000122159087732
-1.351452039e-05
0.000118205882711
-1.83091538017e-05
0.000116054434879
-2.32577578352e-05
0.000115743642899
-2.83613342032e-05
0.000116617316275
-3.36282082507e-05
0.000118125322479
-3.90593760361e-05
0.000119980958524
-4.4664211117e-05
0.000122048925031
-5.0366763304e-05
0.000124230261987
-5.61223360839e-05
0.000126450719629
-6.18770605533e-05
0.00012853577027
-6.77489093978e-05
0.000129972226184
-7.47397210257e-05
0.000129042158
-8.44789921847e-05
0.000121807982151
-9.81861242152e-05
0.000110344997176
-0.000114910106773
0.00010305051145
-0.000132771350662
0.000119646528205
-0.000187574048732
0.000659559844217
0.000294615773414
-4.03238857173e-06
0.000131492707324
-8.20975497312e-06
0.000126336527066
-1.25511602787e-05
0.000122547303096
-1.7060284626e-05
0.000120563491638
-2.17446953249e-05
0.000120427895462
-2.66150618359e-05
0.000121487444173
-3.1686735467e-05
0.000123196705047
-3.69733065417e-05
0.000125267228894
-4.24808078566e-05
0.000127556166729
-4.82171773639e-05
0.000129966459237
-5.41627339226e-05
0.000132396221283
-6.03469518865e-05
0.000134720097563
-6.69196759356e-05
0.000136545235993
-7.46021333558e-05
0.000136724995582
-8.53137193333e-05
0.000132520107026
-9.98624777179e-05
0.000124893971749
-0.000117621637351
0.000120809764627
-0.000135027972232
0.000137052751826
-0.000166843251533
0.000691372776978
0.000269290366996
-3.67416713454e-06
0.00013516699534
-7.49816214396e-06
0.000130160622883
-1.15025331088e-05
0.000126551714174
-1.57000502671e-05
0.000124760963528
-2.00966449034e-05
0.000124824351754
-2.47085783255e-05
0.000126099156393
-2.95615947608e-05
0.000128049446025
-3.46875237153e-05
0.000130392871746
-4.01216759499e-05
0.000132990073988
-4.58954172992e-05
0.000135740043441
-5.20497633319e-05
0.000138550526987
-5.86368385101e-05
0.000141307292743
-6.58814218927e-05
0.000143790069435
-7.43692877939e-05
0.000145213211946
-8.55736222677e-05
0.000143724944209
-0.000100580589313
0.000139901156359
-0.000118406547249
0.000138635820951
-0.000137027623021
0.000155673659362
-0.000170737232968
0.000725082089477
0.000232629570646
-3.28249044136e-06
0.000138449672751
-6.72434682491e-06
0.000133602632023
-1.03664986709e-05
0.000130193948259
-1.42178725819e-05
0.000128612324043
-1.82895452329e-05
0.000128895905876
-2.2602029591e-05
0.000130411427118
-2.7191208747e-05
0.000132638346786
-3.21088375901e-05
0.00013531020662
-3.74161824559e-05
0.000138297169094
-4.3182383282e-05
0.000141506095654
-4.9492316522e-05
0.000144860449334
-5.64428956272e-05
0.000148258013609
-6.41741447883e-05
0.000151521600092
-7.31852026624e-05
0.000154224646254
-8.46106714e-05
0.000155150975701
-9.90764039644e-05
0.000154367284558
-0.000116713729153
0.000156273416182
-0.000140421334014
0.000179381033797
-0.000165430363592
0.000750079045954
0.00019667904354
-2.85023824255e-06
0.000141300165428
-5.88548780778e-06
0.000136638089024
-9.1250796566e-06
0.000133433659863
-1.25887218561e-05
0.000132075969734
-1.62910761067e-05
0.00013259813674
-2.02454397597e-05
0.000134365553426
-2.45029167151e-05
0.000136895511232
-2.91294663116e-05
0.000139936431992
-3.42022458484e-05
0.000143369691259
-3.98174601613e-05
0.000147121194112
-4.60890530908e-05
0.000151132113664
-5.3114066744e-05
0.000155283284713
-6.12599943471e-05
0.000159667923958
-7.07925529692e-05
0.000163757659262
-8.24589779821e-05
0.000166817807553
-9.6858255134e-05
0.000168766824227
-0.000113941120094
0.000173356577087
-0.000139864891901
0.000205303754883
-5.65616030606e-05
0.000666778925996
0.000226604649829
-2.38272997721e-06
0.00014368317027
-4.9668325803e-06
0.0001392224134
-7.76363805241e-06
0.00013623059318
-1.07922403107e-05
0.000135104576413
-1.40659508992e-05
0.000135871718956
-1.75972784904e-05
0.000137896635082
-2.14464172252e-05
0.00014074433088
-2.5673057707e-05
0.000144162751515
-3.03586281387e-05
0.000148055025919
-3.56210437793e-05
0.000152383540198
-4.15957894692e-05
0.000157106999538
-4.85124018832e-05
0.000162200234273
-5.66269492476e-05
0.000167782934377
-6.65092376205e-05
0.000173640437726
-7.86495442109e-05
0.000178958531102
-9.31384340155e-05
0.000183255994867
-0.000109753272698
0.000189971711223
-0.000132984040146
0.00022853204027
0.000130035247861
0.000403760935163
0.000337082236244
-1.87741916849e-06
0.000145560960947
-3.95847735768e-06
0.000141303780683
-6.26470651766e-06
0.000138537010428
-8.80300473679e-06
0.000137642897849
-1.15786966539e-05
0.000138647251056
-1.46287989651e-05
0.000140946411315
-1.80014553837e-05
0.000144116551612
-2.17629341577e-05
0.000147923780626
-2.59916721832e-05
0.000152283420841
-3.08020096628e-05
0.000157193756368
-3.63742694414e-05
0.000162679430006
-4.30200523084e-05
0.000168846469451
-5.0999234437e-05
0.000175762758363
-6.07782435519e-05
0.000183420142161
-7.32192130275e-05
0.000191400122679
-8.81577495669e-05
0.000198194963577
-0.000104493374826
0.000206307531538
-0.000124550801719
0.000248587170966
1.62393035046e-05
0.000262972957251
0.000315896925141
-1.33257008716e-06
0.000146893674094
-2.8494971569e-06
0.000142820814057
-4.59469755223e-06
0.000140282253226
-6.58077171795e-06
0.000139628930484
-8.80673879246e-06
0.000140873088649
-1.1317207411e-05
0.000143456678114
-1.41698096578e-05
0.000146968916713
-1.7446600468e-05
0.000151200353053
-2.12374571599e-05
0.000156074140149
-2.56506307775e-05
0.000161606926021
-3.08509056681e-05
0.000167879859247
-3.70385805141e-05
0.000175034440883
-4.44531978113e-05
0.000183177761563
-5.39326181247e-05
0.000192899967085
-6.64701700468e-05
0.000203938029485
-8.18621068993e-05
0.000213587135996
-9.84053206144e-05
0.000222850821365
-0.000113826499878
0.000264008373224
-8.88626642027e-05
0.000238009120835
0.000241144297369
-7.24113507339e-07
0.000147617869435
-1.63842864202e-06
0.000143735180819
-2.77983775994e-06
0.000141423658503
-4.15047489237e-06
0.000140999490539
-5.76818040129e-06
0.000142490642713
-7.6649557223e-06
0.000145353245494
-9.90393947198e-06
0.000149207673934
-1.25830920922e-05
0.000153879309935
-1.57847633228e-05
0.000159275701271
-1.96309745257e-05
0.000165453154603
-2.4253602571e-05
0.000172502651243
-2.981051954e-05
0.000180591652486
-3.67246612273e-05
0.000190092283763
-4.5526314877e-05
0.00020170202338
-5.75839708213e-05
0.000215996043788
-7.37126466333e-05
0.000229716049028
-9.19281695543e-05
0.000241066457787
-0.000104822173843
0.000276899919571
-0.000116318694424
0.000249508010378
0.000180583059543
-5.96054981079e-08
0.000147677519397
-3.26444576581e-07
0.000144002038797
-8.1295067558e-07
0.00014191012946
-1.53089488831e-06
0.000141717327729
-2.48871944367e-06
0.00014344828847
-3.68676199045e-06
0.000146551057304
-5.19213780868e-06
0.000150712810276
-7.06779178797e-06
0.000155754763867
-9.4882849408e-06
0.000161696089353
-1.25469431407e-05
0.00016851183832
-1.6401860745e-05
0.00017635774372
-2.11888662475e-05
0.00018537896428
-2.71847825364e-05
0.000196088596548
-3.50175534407e-05
0.000209535215794
-4.59795614517e-05
0.000226958428049
-6.15577175856e-05
0.0002452944551
-7.99780894954e-05
0.000259486940977
-9.0330142865e-05
0.000287248406929
-0.000101064763684
0.000260245975524
0.000131994900675
6.35016634192e-07
0.00014704253539
1.05716469985e-06
0.000143579899305
1.25692192499e-06
0.000141710323309
1.2442955291e-06
0.000141729828456
1.0084633079e-06
0.000143683915067
5.52127719526e-07
0.000147007130158
-1.67220533138e-07
0.000151431887419
-1.22904035363e-06
0.000156816357736
-2.72873506828e-06
0.000163195662382
-4.84544636896e-06
0.000170628568919
-7.66496749839e-06
0.000179177444221
-1.14140247508e-05
0.000189128341774
-1.64098416343e-05
0.000201084832168
-2.30859142424e-05
0.00021621173406
-3.21239541725e-05
0.000235996863542
-4.53910708963e-05
0.000258561830497
-6.13874916603e-05
0.000275483415805
-6.73603570014e-05
0.000293222799061
-6.94033029417e-05
0.0002622872328
8.33766862105e-05
1.37574689276e-06
0.000145666830583
2.4934161759e-06
0.000142462246925
3.41425696203e-06
0.000140789436654
4.12818884162e-06
0.000141015721722
4.68245460747e-06
0.000143129363893
5.03123559568e-06
0.000146657966252
5.14628441059e-06
0.000151316449208
4.96443324341e-06
0.000156997863869
4.41406244681e-06
0.00016374583449
3.40279354879e-06
0.000171639820303
1.72808806117e-06
0.000180852361563
-7.25197123524e-07
0.000191581989516
-4.25253911536e-06
0.000204612665611
-9.22444793847e-06
0.000221184179918
-1.60272114322e-05
0.000242800105216
-2.53859006574e-05
0.000267920832238
-3.63435847321e-05
0.00028644115972
-4.16931120482e-05
0.000298575455558
-4.2097389791e-05
0.000262687670606
4.2200767431e-05
2.08558619625e-06
0.000143581309944
3.95724904947e-06
0.000140590626853
5.6221202108e-06
0.000139124382466
7.11722761514e-06
0.000139520361154
8.48691009009e-06
0.000141759200156
9.70293909096e-06
0.000145441395794
1.07480121381e-05
0.000150270755668
1.15751508491e-05
0.000156170261155
1.21269501429e-05
0.000163193729383
1.22816497027e-05
0.000171485152546
1.19803598508e-05
0.00018115388839
1.09492337127e-05
0.000192613701184
9.02396283896e-06
0.0002065386183
5.94886959453e-06
0.000224259972024
1.82903076666e-06
0.000246920535444
-3.18841650144e-06
0.000272938630291
-1.05410730202e-05
0.000293793974738
-1.93861442397e-05
0.000307418937306
-2.30143588816e-05
0.000266315662137
2.05106192651e-05
2.80920598737e-06
0.000140772215123
5.44337794242e-06
0.000137956374325
7.88003638186e-06
0.000136687637376
1.01845517449e-05
0.000137215416025
1.23922742519e-05
0.000139550942602
1.45267528818e-05
0.000143306182531
1.65674090804e-05
0.000148229435324
1.84675778876e-05
0.00015426948825
2.02173237195e-05
0.000161443696393
2.17336650796e-05
0.000169968790383
2.28945837997e-05
0.000179993486467
2.35589746447e-05
0.000191949915364
2.35096030647e-05
0.000206588763739
2.27660930826e-05
0.000225004240343
2.14924202373e-05
0.000248194818149
1.74286092319e-05
0.000277002829118
1.16607040449e-05
0.000299562122916
8.07585351925e-07
0.000318247231422
-3.44819308803e-06
0.000270592912033
1.7135736521e-05
3.60306371608e-06
0.000137169248313
6.96582152032e-06
0.000134593721234
1.0193995162e-05
0.000133459229232
1.33139700763e-05
0.000134094970427
1.63917204234e-05
0.000136472360061
1.94567709407e-05
0.000140240163659
2.25167033601e-05
0.000145168441335
2.55803089764e-05
0.000151205044789
2.85655320135e-05
0.000158457944388
3.15135116633e-05
0.000167020870946
3.43331162556e-05
0.000177174308491
3.69051713509e-05
0.000189379178868
3.92273626481e-05
0.000204267680068
4.14363270835e-05
0.00022279635379
4.31695271876e-05
0.000246462516121
4.38986494979e-05
0.000276274270738
4.40026087097e-05
0.000299458402832
3.59970792279e-05
0.0003262475146
2.87823160336e-05
0.000277808520543
3.29688679737e-05
4.30156791947e-06
0.000132867689321
8.48938491649e-06
0.00013040596188
1.25048099879e-05
0.000129443604392
1.64610458994e-05
0.000130138344672
2.04203234493e-05
0.000132512529506
2.44291953474e-05
0.00013623067002
2.85132009664e-05
0.000141083831875
3.26922453641e-05
0.000147025542976
3.69955576247e-05
0.000154154387936
4.14165437605e-05
0.000162599961158
4.59722894608e-05
0.000172619214517
5.06907109671e-05
0.000184661686036
5.56685994054e-05
0.000199290904043
6.10580812418e-05
0.000217407448375
6.70007316055e-05
0.000240520308826
7.38063701778e-05
0.000269468875387
8.13665259083e-05
0.000291898327122
8.14510289315e-05
0.000326166884343
7.36145719686e-05
0.000285642597285
7.27571480887e-05
5.0922349926e-06
0.000127775464665
9.97881882192e-06
0.000125519076496
1.47765593049e-05
0.000124645546956
1.95594916766e-05
0.000125354949204
2.43775254413e-05
0.000127693920154
2.93347655797e-05
0.000131272815798
3.44382880921e-05
0.000135979759039
3.97361239342e-05
0.00014172731328
4.53062498497e-05
0.000148584093635
5.12008909811e-05
0.000156705587743
5.75101373538e-05
0.000166310585319
6.43979082289e-05
0.000177774641367
7.20354173742e-05
0.000191654363008
8.06416485208e-05
0.000208801732129
9.05385597219e-05
0.000230623793473
0.000103062219211
0.000256945447036
0.000116326753234
0.000278633958817
0.000124758423455
0.000317723385238
0.000120218304058
0.000290201349759
0.000133289442676
5.80079939739e-06
0.000121974325111
1.14455462793e-05
0.000119874005035
1.70272258428e-05
0.000119063447054
2.25755562886e-05
0.000119806090849
2.82351806109e-05
0.000122033689651
3.40522178527e-05
0.000125455181012
4.01239044714e-05
0.000129907564862
4.65250707182e-05
0.000135325818718
5.33420285557e-05
0.000141767079083
6.06653487158e-05
0.000149382624262
6.86990196202e-05
0.000158277560118
7.75999980784e-05
0.000168874946845
8.77705939597e-05
0.00018148434024
9.96243163136e-05
0.000196948500482
0.000113888573929
0.000216359918764
0.000129033935501
0.000241800318551
0.000146997068525
0.00026067098903
0.000161749547938
0.000302960653868
0.000154220856818
0.000297741089964
0.000259638853888
6.50241632953e-06
0.00011547157743
1.28417620915e-05
0.000113534270704
1.90989011503e-05
0.000112805831068
2.54054173535e-05
0.00011349901192
3.18656237233e-05
0.000115572883123
3.8545371447e-05
0.000118774865531
4.55403057269e-05
0.00012291217862
5.29382243264e-05
0.000127927628282
6.08726946741e-05
0.000133832629196
6.95613744399e-05
0.000140694346494
7.90971106201e-05
0.000148742464019
8.97462390714e-05
0.000158226742491
0.000102214038638
0.000169017101232
0.000116640528001
0.000182522503063
0.000133656792152
0.000199344049566
0.000152964439078
0.000222492923423
0.000173214586212
0.00024042099746
0.000195635254634
0.000280528623095
0.000155452929724
0.000337936266967
0.000574342861759
7.15275098019e-06
0.000108318479328
1.41525599841e-05
0.000106534049431
2.10975080801e-05
0.000105860394541
2.81097498745e-05
0.000106486223467
3.52814643358e-05
0.000108400604775
4.27294605318e-05
0.000111326355704
5.05527564995e-05
0.000115088486822
5.88801100706e-05
0.000119600053433
6.782744028e-05
0.000124885316043
7.75518684425e-05
0.000130970346228
8.83362417867e-05
0.000137958650039
0.000100578320486
0.000145985505696
0.000114362506
0.000155233457399
0.000130844381107
0.000166041134128
0.000150455275601
0.000179733574795
0.000172563186568
0.000200385281953
0.000194269681778
0.000218714716909
0.000220326303729
0.000254455788234
0.000245077430992
0.000313209733228
0.000686815382279
7.76146189153e-06
0.000100556676468
1.53570372578e-05
9.89380795785e-05
2.29074439509e-05
9.83095362181e-05
3.05626714755e-05
9.88305017988e-05
3.84144138774e-05
0.000100548363096
4.65705382951e-05
0.000103169781917
5.51615483175e-05
0.000106497137544
6.42176571524e-05
0.000110543681457
7.39428388565e-05
0.000115160173632
8.46127709709e-05
0.000120300648451
9.63709212903e-05
0.000126201323987
0.000109412337759
0.000132944569518
0.000124371119163
0.000140275207234
0.000141670874349
0.000148741905589
0.000162418883539
0.000158986013914
0.000185047714915
0.000177756731893
0.000210303953766
0.000193458644332
0.000243302439996
0.000221453380154
0.000461537574643
9.49599651046e-05
-0.000545182498856
8.3016396125e-06
9.2254735732e-05
1.64732708404e-05
9.07661072591e-05
2.46375234403e-05
9.01448987829e-05
3.28276599539e-05
9.06399465586e-05
4.1259213317e-05
9.21163863299e-05
5.00617648053e-05
9.43668466753e-05
5.92270780592e-05
9.73314968149e-05
6.89809205791e-05
0.000100789560377
7.94232327982e-05
0.000104717803649
9.06718982633e-05
0.000109052079563
0.000102975681622
0.000113897852904
0.000116925554807
0.000118995146262
0.000131963049676
0.000125238249591
0.00014949340333
0.000131212101281
0.000168946753691
0.000139533138668
0.000192862036507
0.000153841744626
0.000219499737846
0.000166821041785
0.000253093273212
0.000187859575836
0.0002337289675
0.00011433338767
-0.000180472151212
8.82981829323e-06
8.3424676951e-05
1.74601147984e-05
8.2135537917e-05
2.60611319667e-05
8.1543572181e-05
3.47872540724e-05
8.19134841922e-05
4.38030167161e-05
8.31002733196e-05
5.30270176047e-05
8.51425178891e-05
6.2743945048e-05
8.76142447314e-05
7.30482923835e-05
9.04850014003e-05
8.40122575346e-05
9.37536438414e-05
9.57233170845e-05
9.73410979984e-05
0.000108592024798
0.000101029411379
0.000122576682364
0.000105010934222
0.000138314219208
0.000109501261951
0.000155332287941
0.000114194601626
0.000174843157377
0.000120022760194
0.000198014725528
0.000130670483592
0.000223128291613
0.00014170759933
0.000252476086511
0.000158511198286
0.000262897202844
0.000103899543917
9.08171899577e-05
9.16209808056e-06
7.42623971066e-05
1.83157645686e-05
7.29816575328e-05
2.73751692136e-05
7.24839198169e-05
3.65856069668e-05
7.27027690996e-05
4.58966136877e-05
7.37889732434e-05
5.56018732608e-05
7.54369755507e-05
6.57276086505e-05
7.74882461997e-05
7.64677137603e-05
7.9744682335e-05
8.77826899303e-05
8.24386547536e-05
9.99326040303e-05
8.51912418626e-05
0.00011302486858
8.79375005762e-05
0.000127207969652
9.08282946172e-05
0.000142833877979
9.38759145115e-05
0.000160247451152
9.67816041265e-05
0.000179535524704
0.000100735180504
0.000199697412576
0.000110508902469
0.000221974308002
0.000119430929358
0.000244200062074
0.000136273756981
0.000234169738774
0.000113950818778
0.000370939957852
9.59975536257e-06
6.46624947242e-05
1.90131488345e-05
6.35680793241e-05
2.84710971744e-05
6.3025753824e-05
3.79882376118e-05
6.31853841404e-05
4.77321526238e-05
6.40447977051e-05
5.77876003662e-05
6.53812762663e-05
6.8259641373e-05
6.70159901359e-05
7.91127292095e-05
6.88914546729e-05
9.06625634275e-05
7.0888871399e-05
0.000103023817042
7.28301967205e-05
0.000116032279701
7.4929463375e-05
0.000130247958156
7.66130939687e-05
0.000145586346737
7.85380850065e-05
0.000162657390872
7.9711127321e-05
0.000181035676018
8.23573775059e-05
0.000198873415198
9.26714614978e-05
0.000218523540652
9.9780974508e-05
0.000239636616701
0.000115154623697
0.000179632213682
0.00017395932675
0.000743567282352
9.87568790184e-06
5.47866558308e-05
1.96178209367e-05
5.38257493272e-05
2.93838097105e-05
5.32595368174e-05
3.92401871499e-05
5.33287580038e-05
4.92952576717e-05
5.39894707613e-05
5.96329209416e-05
5.50433722772e-05
7.02929308738e-05
5.63557921335e-05
8.1368472945e-05
5.78158319548e-05
9.30856824366e-05
5.91717626723e-05
0.000105353256714
6.05628903511e-05
0.000118385597666
6.18976127568e-05
0.00013197813821
6.30210401527e-05
0.000146621893714
6.38948790362e-05
0.000162389488558
6.39440794637e-05
0.000179355385463
6.5391942463e-05
0.000196340796227
7.5686335179e-05
0.000214352221333
8.17696325393e-05
0.000241529250241
8.79784900769e-05
0.000325499946681
8.99667125405e-05
0.000696822674406
1.00791808501e-05
4.47072773466e-05
2.01197974342e-05
4.37848820751e-05
3.01923172749e-05
4.31867396142e-05
4.03442737736e-05
4.31765146723e-05
5.06704291405e-05
4.36630365449e-05
6.12678732022e-05
4.44456820874e-05
7.21240268629e-05
4.54994651256e-05
8.34149767328e-05
4.65248386133e-05
9.50726942481e-05
4.75141813428e-05
0.000107162592221
4.84733411363e-05
0.000119850661749
4.92100576369e-05
0.000132814111464
5.00580774365e-05
0.000146564087289
5.01454372433e-05
0.00016112517781
4.93835138611e-05
0.000176730109083
4.97874496952e-05
0.000193966306134
5.84504093757e-05
0.000214141586374
6.15944886199e-05
0.000245671172484
5.64361565791e-05
0.000467394603329
-0.000131596567436
-0.000962647477408
1.02443569239e-05
3.44626417027e-05
2.06757624317e-05
3.33531427217e-05
3.11132365302e-05
3.27489134132e-05
4.15851229306e-05
3.27042830285e-05
5.21314993353e-05
3.31163433467e-05
6.28552816064e-05
3.37216412871e-05
7.38906342719e-05
3.44639507464e-05
8.52264968848e-05
3.51889665787e-05
9.68981683219e-05
3.584276384e-05
0.000108948208215
3.64236205305e-05
0.000121254239645
3.69045948043e-05
0.000133859546769
3.74532493405e-05
0.000146366349829
3.76391525557e-05
0.000158946172632
3.68041922401e-05
0.000172944602884
3.57894375537e-05
0.000193204019262
3.81912514105e-05
0.000216228570399
3.85700041023e-05
0.000236459697625
3.62065681363e-05
0.00016828609739
-6.34474202231e-05
-0.000344412342958
1.06616402083e-05
2.3800597502e-05
2.1395158268e-05
2.26191970782e-05
3.21116006468e-05
2.20320460147e-05
4.28323979978e-05
2.19830869941e-05
5.36702217112e-05
2.22781745434e-05
6.46533448635e-05
2.27382569426e-05
7.59038128426e-05
2.32133486735e-05
8.74966645982e-05
2.35962141183e-05
9.93152371634e-05
2.40244428447e-05
0.000111330246579
2.44092639832e-05
0.000123260018767
2.49752673045e-05
0.000135427567035
2.52861902245e-05
0.000147503963885
2.55632642963e-05
0.000159405813306
2.4902826317e-05
0.000172912331619
2.22833168078e-05
0.000193245605905
1.78582198962e-05
0.00021409523675
1.77204456933e-05
0.000225388894631
2.49127292309e-05
0.000168222124299
-6.27615400706e-06
-4.22845297063e-06
1.12810492136e-05
1.25190669208e-05
2.24843541196e-05
1.14154117914e-05
3.34467528354e-05
1.1069185654e-05
4.44029703599e-05
1.10264530297e-05
5.54811591234e-05
1.11996402317e-05
6.67115757287e-05
1.15075987277e-05
7.8240735366e-05
1.16841119566e-05
9.00139218469e-05
1.18231796923e-05
0.000101834348833
1.2204412529e-05
0.000113877275967
1.23668993691e-05
0.000126112544863
1.27404727279e-05
0.000138679727682
1.27195046745e-05
0.000151491626566
1.27518668915e-05
0.000163754792611
1.26401235751e-05
0.000177139177356
8.89930450534e-06
0.000193086602658
1.91101411986e-06
0.000207096592386
3.71059215155e-06
0.000209993431834
2.20115765886e-05
0.000132989106318
7.07372047493e-05
0.000213977823473
1.25188176255e-05
2.39339869958e-05
3.50029495447e-05
4.60292107158e-05
5.72287053978e-05
6.87362217635e-05
8.0420370068e-05
9.22437310863e-05
0.000104448368444
0.000116815685544
0.00012955640412
0.00014227616098
0.000155028269882
0.000167668603239
0.000176568057883
0.000178479135717
0.000182189671664
0.000204204726936
0.00027493829695
)
;

boundaryField
{
    back
    {
        type            calculated;
        value           uniform 0;
    }
    sides
    {
        type            calculated;
        value           uniform 0;
    }
    bottom
    {
        type            calculated;
        value           uniform 0;
    }
    front
    {
        type            calculated;
        value           uniform 0;
    }
    atmosphere
    {
        type            calculated;
        value           nonuniform List<scalar> 
100
(
0.000423780514007
-0.000237550295128
-0.000812720967563
-0.000152019259009
0.00289680753555
0.00102797095548
-0.000860065521954
-0.000396565802382
-0.000446941806938
0.0015734110055
0.000707789717778
-0.000193700340551
-2.46142744101e-05
9.96147554733e-05
6.11794327537e-05
1.72311725812e-05
-1.21985519207e-05
-2.14871856543e-05
-2.63028941959e-06
4.27234954431e-07
-3.40809888758e-05
-6.8623069488e-05
-5.58200396841e-05
2.46263842371e-06
3.5895588855e-05
1.24764865724e-05
-4.75080230186e-05
-0.000119366795825
-0.000115911104009
-0.000115082778876
-0.000135410361853
-0.000162211862491
-0.000184556836668
-0.000200894942649
-0.000212932217333
-0.000197285972136
-0.000156570874317
-0.000121651411462
-0.000130083632564
-0.000151282508486
-0.000154171442261
-0.000129940031971
-0.000126521819328
-0.000121046817522
-9.98101448713e-05
-0.000160101408542
-0.000144377683629
-0.000193995884124
-0.000195363167343
-0.000205184820442
-0.000219528554433
-0.000170198943107
-8.19230598005e-05
-6.74592801886e-05
-0.000108054215302
-0.000108748422016
-9.90128422974e-05
-0.000123195263581
-0.000155838741655
-0.000176465389799
-0.000190417084289
-0.000170668616599
-0.000146053663331
-0.00015848013595
-0.00019289404951
-0.000178389139073
-0.000165813290875
-0.000185156193223
-0.000204368820635
-0.000179756133103
-0.000141514682254
-0.000134074743222
-0.000129470721801
-8.64877015697e-05
1.9557925882e-05
3.74243953257e-05
-1.4110148883e-05
-5.57575514167e-05
-5.24767439287e-05
-2.07853685807e-05
-9.22392600585e-07
-1.32537194134e-06
-7.46397950304e-08
1.29467991149e-05
3.38182355269e-05
5.96890130167e-05
2.78733505332e-05
-0.000159262395998
0.000132603445306
0.00169352759387
-0.000130944442604
-8.40418536605e-06
-4.59549440656e-05
-0.000192993084206
0.000372333969144
0.0021265725504
-0.000449856860796
-0.000171962305453
-8.52203675905e-05
0.000488916061115
)
;
    }
    floatingObject
    {
        type            calculated;
        value           uniform 0;
    }
}


// ************************************************************************* //
