/*--------------------------------*- C++ -*----------------------------------*\
| =========                 |                                                 |
| \\      /  F ield         | OpenFOAM: The Open Source CFD Toolbox           |
|  \\    /   O peration     | Version:  v2012                                 |
|   \\  /    A nd           | Website:  www.openfoam.com                      |
|    \\/     M anipulation  |                                                 |
\*---------------------------------------------------------------------------*/
FoamFile
{
    version     2.0;
    format      ascii;
    class       surfaceScalarField;
    location    "5.8";
    object      phi;
}
// * * * * * * * * * * * * * * * * * * * * * * * * * * * * * * * * * * * * * //

dimensions      [0 3 -1 0 0 0 0];
oriented        oriented;


internalField   nonuniform List<scalar> 
3840
(
1.05813207635e-05
-1.0580534497e-05
2.00078581282e-05
-9.42570436657e-06
2.91632421135e-05
-9.15455749837e-06
3.84160297387e-05
-9.25199654087e-06
4.79586432401e-05
-9.54187722818e-06
5.79904731363e-05
-1.00304538611e-05
6.85484498315e-05
-1.05558012973e-05
7.9592574001e-05
-1.10413378666e-05
9.15046244598e-05
-1.19082391253e-05
0.000104065864709
-1.25582140726e-05
0.000117633909082
-1.35643600102e-05
0.000132079638007
-1.44416251807e-05
0.000147546849489
-1.54631613684e-05
0.000163891087414
-1.63404462736e-05
0.000178249293989
-1.43551878189e-05
0.000187839957981
-9.58879436122e-06
0.000205298391675
-1.74578544075e-05
0.000249970127732
-4.46718763749e-05
0.000441485649809
-0.000191517751329
-0.000517824374729
9.20000297812e-06
-1.97797501965e-05
1.83224603047e-05
-1.85473814183e-05
2.7301838139e-05
-1.81331853878e-05
3.63516396335e-05
-1.83011043371e-05
4.56856336715e-05
-1.88752390355e-05
5.54031908297e-05
-1.97468012393e-05
6.5631464639e-05
-2.07817478097e-05
7.6525070577e-05
-2.19330459693e-05
8.77693206472e-05
-2.31471558157e-05
9.98677361865e-05
-2.46530036257e-05
0.000113005862961
-2.66983395023e-05
0.000127171461101
-2.86026194435e-05
0.000142522497483
-3.08094781313e-05
0.000158264722781
-3.20784570269e-05
0.000176568354907
-3.26553868095e-05
0.000201614201511
-3.46326193538e-05
0.000225326062253
-4.11690872549e-05
0.00024213928997
-6.14850712862e-05
0.000132090676204
-8.14726922175e-05
-0.000255528830658
8.43368908668e-06
-2.82128167506e-05
1.70680266666e-05
-2.71811500429e-05
2.57264976601e-05
-2.67911465206e-05
3.44815274763e-05
-2.70556898796e-05
4.34691716417e-05
-2.78625121177e-05
5.28220024786e-05
-2.9098627555e-05
6.26378346266e-05
-3.05965253079e-05
7.30134837436e-05
-3.23045527228e-05
8.41245594203e-05
-3.42549210013e-05
9.61168241959e-05
-3.66391456514e-05
0.000108516114724
-3.90925442615e-05
0.000122031709979
-4.21127591724e-05
0.000136468389649
-4.52407615619e-05
0.00015214158418
-4.77466505761e-05
0.000169318702942
-4.98286279274e-05
0.000192885725082
-5.81973028717e-05
0.000217407945375
-6.56905858838e-05
0.000238291855423
-8.23698579408e-05
0.000199702920031
-4.28877305019e-05
0.000140625923096
7.98729090594e-06
-3.61997661153e-05
1.61639008938e-05
-3.53575184294e-05
2.4412952813e-05
-3.50400380284e-05
3.28072948974e-05
-3.54499442221e-05
4.14709787476e-05
-3.65261727426e-05
5.03873400114e-05
-3.80146667386e-05
5.97814700044e-05
-3.99889678572e-05
6.97821472866e-05
-4.23034504259e-05
8.04617737459e-05
-4.49251811935e-05
9.18786916391e-05
-4.80494286873e-05
0.000104150287205
-5.13567486658e-05
0.000117406076233
-5.53618041341e-05
0.000131317988918
-5.91461117178e-05
0.000145978999535
-6.24018375882e-05
0.000162857188784
-6.67022298096e-05
0.000186852376133
-8.21897737396e-05
0.000210740981868
-8.95783581625e-05
0.000226846823411
-9.84764457741e-05
0.000127074818049
5.68795710368e-05
0.000574610335054
7.72176425753e-06
-4.39215377452e-05
1.54224692619e-05
-4.30583715293e-05
2.32037058128e-05
-4.28215150598e-05
3.11296096473e-05
-4.33761389904e-05
3.93020509801e-05
-4.46989024029e-05
4.7890033548e-05
-4.66027064418e-05
5.69067935989e-05
-4.90047926121e-05
6.65408562583e-05
-5.1934174059e-05
7.68686665078e-05
-5.52470025885e-05
8.78898039642e-05
-5.90573727655e-05
9.99116239505e-05
-6.33663744773e-05
0.000112807706975
-6.82495178113e-05
0.000126972295475
-7.33028906143e-05
0.000142636626888
-7.80592704269e-05
0.000161054380984
-8.51146401241e-05
0.000181130866299
-0.000102263129929
0.000201281373316
-0.000109727929454
0.000222720255302
-0.00011991597862
0.00033784142694
-5.82479623839e-05
0.000109672611391
7.39385906943e-06
-5.13157856226e-05
1.46683401823e-05
-5.03334146979e-05
2.1988323608e-05
-5.01421500565e-05
2.94406852006e-05
-5.0829155162e-05
3.71597101104e-05
-5.24184346598e-05
4.52510091034e-05
-5.46941236495e-05
5.38057097648e-05
-5.7558631451e-05
6.28853809808e-05
-6.10099954265e-05
7.2760035227e-05
-6.51137110426e-05
8.3445594494e-05
-6.97318792668e-05
9.52396590961e-05
-7.51447739319e-05
0.000108107109452
-8.11069324345e-05
0.000122732830344
-8.79193993745e-05
0.000139875989908
-9.51944640121e-05
0.000159616195553
-0.00010484875712
0.000177270698304
-0.000119914113404
0.000193366697749
-0.000125822896869
0.000218382783682
-0.000144933337612
0.000461014676204
-0.000300886649321
-0.000978215955469
6.97304941196e-06
-5.82896113887e-05
1.37955526123e-05
-5.71568881888e-05
2.06462309277e-05
-5.69938738858e-05
2.75570704452e-05
-5.77409802606e-05
3.47551515361e-05
-5.96172054695e-05
4.23038930135e-05
-6.22428796923e-05
5.03371409053e-05
-6.55906637035e-05
5.87664177345e-05
-6.94346266175e-05
6.80294044858e-05
-7.43670313184e-05
7.81637853222e-05
-7.98530966762e-05
8.92161705417e-05
-8.61784007524e-05
0.000101785160933
-9.36642440161e-05
0.000116408723688
-0.00010253244972
0.000134107440115
-0.000112884237558
0.000155078581774
-0.000125813153694
0.00017139561826
-0.000136227307964
0.000186171905333
-0.000140598082005
0.000207799025982
-0.00016656093276
0.000147841219967
-0.000240935759338
-0.000582555902477
6.42069791088e-06
-6.47114557052e-05
1.27683478252e-05
-6.35058875103e-05
1.90432143867e-05
-6.32701420057e-05
2.54721401926e-05
-6.41711789591e-05
3.20307573776e-05
-6.61766549286e-05
3.89177872889e-05
-6.91298270514e-05
4.62004362837e-05
-7.28716782596e-05
5.41324270209e-05
-7.7361129653e-05
6.25349665946e-05
-8.27583436598e-05
7.18077252904e-05
-8.91108585196e-05
8.18045997022e-05
-9.61537867008e-05
9.32376178133e-05
-0.00010508422954
0.000105949357976
-0.000115232646286
0.000121623287628
-0.000128548486382
0.000139450014696
-0.000143632669665
0.000158749320013
-0.000155522563757
0.000178289351563
-0.0001601369716
0.000201198760084
-0.00018947041463
0.000139821847634
-0.000179565880666
-0.000254841357276
5.94363967944e-06
-7.06565723506e-05
1.16417567096e-05
-6.92056827461e-05
1.72982471801e-05
-6.89283347973e-05
2.30604423299e-05
-6.99348807067e-05
2.89985123093e-05
-7.2115668224e-05
3.51643941734e-05
-7.52955399803e-05
4.16962821201e-05
-7.94015885536e-05
4.86976472925e-05
-8.43563199454e-05
5.61846685725e-05
-9.02329355827e-05
6.41584968704e-05
-9.70684905344e-05
7.30870296944e-05
-0.000105058851261
8.2263119042e-05
-0.00011424641295
9.31129172388e-05
-0.000126070289521
0.000104750293854
-0.000140175802457
0.000118199731341
-0.000157074702883
0.000137159997482
-0.000174478731642
0.00016115030015
-0.000184126139098
0.000187931290697
-0.000216250776006
0.000188358582128
-0.000179999477405
-5.90612613537e-05
5.28063938524e-06
-7.5938958052e-05
1.04008961411e-05
-7.4327877605e-05
1.5467020823e-05
-7.39963966275e-05
2.04882623926e-05
-7.49578085147e-05
2.56651070054e-05
-7.72935466089e-05
3.10818863035e-05
-8.07121137664e-05
3.67471176032e-05
-8.50646705702e-05
4.27732435766e-05
-9.03758491364e-05
4.91776458127e-05
-9.66245437286e-05
5.59267773998e-05
-0.000103800899384
6.30125253289e-05
-0.00011212047028
7.07929241644e-05
-0.000122012732661
7.8786797991e-05
-0.000134051990099
8.72992564635e-05
-0.000148678299364
9.70705396192e-05
-0.000166838741745
0.000112394960381
-0.000189799202999
0.000135016003265
-0.00020674611193
0.000163832647498
-0.000245066338702
0.000202984770152
-0.000219156397043
-0.000145300341493
4.63841597194e-06
-8.05793104844e-05
9.05683246263e-06
-7.8748407244e-05
1.3372032298e-05
-7.83136914056e-05
1.77036941831e-05
-7.929128638e-05
2.21135625051e-05
-8.17045338798e-05
2.66690785817e-05
-8.5267478106e-05
3.14503918541e-05
-8.98438491238e-05
3.64059404488e-05
-9.53249246085e-05
4.15509323573e-05
-0.000101756928626
4.69460231652e-05
-0.000109180029611
5.27153980589e-05
-0.000117866282078
5.8556003255e-05
-0.000127839842731
6.4719365073e-05
-0.000140203793155
7.04704893803e-05
-0.000154420077075
7.62622050258e-05
-0.000172623751814
8.82699515575e-05
-0.000201803348124
0.000104447549681
-0.000222922751114
0.000130162049463
-0.000270780751392
0.000151720265867
-0.000240718951939
-0.000106759753806
3.94799181629e-06
-8.45293348387e-05
7.68447239683e-06
-8.24870777121e-05
1.12858941722e-05
-8.19172816397e-05
1.4843333596e-05
-8.285061681e-05
1.84281715885e-05
-8.52905861715e-05
2.20842410967e-05
-8.89235259354e-05
2.58186713346e-05
-9.35764064809e-05
2.96844588756e-05
-9.91846991881e-05
3.36881384452e-05
-0.000105749381541
3.770146676e-05
-0.000113178854465
4.19858827616e-05
-0.000122129495072
4.65366273523e-05
-0.000132378513652
5.09538632334e-05
-0.000144610767855
5.53282648095e-05
-0.000158786264448
6.03416941277e-05
-0.000177631374318
6.47649219749e-05
-0.000206223501389
7.54351738621e-05
-0.000233592208612
9.04067466621e-05
-0.000285751876593
0.000101902442505
-0.000252218110256
-6.38122204388e-05
3.24016923098e-06
-8.77715278724e-05
6.27708216872e-06
-8.55261490393e-05
9.11789095868e-06
-8.47602354049e-05
1.18457488976e-05
-8.55803771403e-05
1.46072354289e-05
-8.80533609063e-05
1.73715660532e-05
-9.16880574746e-05
2.01334824327e-05
-9.63368580841e-05
2.29127673045e-05
-0.000101959025558
2.5690857118e-05
-0.000108517937084
2.86537097543e-05
-0.000116129970746
3.1530597012e-05
-0.00012498849786
3.4376907327e-05
-0.000135214786766
3.71455103255e-05
-0.000147370897899
3.99669830546e-05
-0.000161601033948
4.23297563171e-05
-0.000179989488885
4.51733785805e-05
-0.000209064702235
4.78612626663e-05
-0.000236279509363
5.6427215201e-05
-0.000294317964995
5.58416014664e-05
-0.000251633139637
-4.0684014877e-05
2.52640638078e-06
-9.02998359557e-05
4.82674486202e-06
-8.7828495401e-05
6.97275519899e-06
-8.69082575577e-05
8.96733131763e-06
-8.75767751834e-05
1.08324356628e-05
-8.99197846611e-05
1.26513209916e-05
-9.35073328751e-05
1.4418775522e-05
-9.81033607623e-05
1.61379421496e-05
-0.000103674437777
1.78021931129e-05
-0.000110175393095
1.94070961311e-05
-0.000117725718966
2.08746317049e-05
-0.000126442768548
2.22534665681e-05
-0.000136585842543
2.35045068574e-05
-0.000148615352966
2.49507466367e-05
-0.000163042022188
2.6565960909e-05
-0.000181601208214
2.4520639446e-05
-0.0002070175051
2.37096798012e-05
-0.000235468105003
1.70645755315e-05
-0.000287670306517
1.18939752839e-05
-0.000246462120442
-2.50599597703e-05
1.85238550681e-06
-9.21538824667e-05
3.42430205433e-06
-8.94021456012e-05
4.79581862984e-06
-8.82815274344e-05
6.00929761593e-06
-8.87918747369e-05
7.05801466629e-06
-9.09697204346e-05
8.00818232038e-06
-9.44580647327e-05
8.87219326668e-06
-9.89671867743e-05
9.56963409755e-06
-0.000104369776173
9.9919421817e-06
-0.000110592616452
1.02901822009e-05
-0.000118018736396
1.04052732862e-05
-0.000126547500217
1.02296271175e-05
-0.000136404413056
9.83102453191e-06
-0.00014821140137
9.2900319861e-06
-0.000162497381887
8.36266985325e-06
-0.000180670954713
6.86044918511e-06
-0.000205514068441
2.3658259255e-06
-0.000230973120849
-1.27767573461e-05
-0.000272526395945
-2.52374622568e-05
-0.000233994629991
-1.09027403902e-05
1.14977451554e-06
-9.33049268595e-05
2.090802379e-06
-9.03445188772e-05
2.75775890227e-06
-8.89498667838e-05
3.22161183694e-06
-8.92569998972e-05
3.51066927698e-06
-9.12599307547e-05
3.63059165484e-06
-9.45788682261e-05
3.54938790441e-06
-9.88862254158e-05
3.17712578861e-06
-0.000103996285114
2.61913505266e-06
-0.000110033016321
1.61354548572e-06
-0.000117008566279
2.68041861832e-07
-0.000125196413404
-1.42485501228e-06
-0.000134707003959
-3.43995951078e-06
-0.000146192948042
-5.62182819964e-06
-0.000160312412203
-7.82505806995e-06
-0.000178466149745
-1.01687876267e-05
-0.000203169298355
-1.53261949783e-05
-0.000225815413385
-3.68243837339e-05
-0.000251026412226
-5.65416073476e-05
-0.000214268791829
4.10023955461e-06
5.32861650968e-07
-9.38386190763e-05
8.12709310908e-07
-9.06252230716e-05
8.92584637184e-07
-8.90306224637e-05
7.45219252427e-07
-8.91106421745e-05
3.66262054145e-07
-9.08817680062e-05
-3.08095126199e-07
-9.39052033842e-05
-1.3151778188e-06
-9.78796941282e-05
-2.62633489676e-06
-0.000102685402166
-4.3816440054e-06
-0.000108274653819
-6.51766675879e-06
-0.000114868840402
-9.15444436324e-06
-0.000122553693924
-1.22974374924e-05
-0.000131558602104
-1.60026461016e-05
-0.000142482508744
-1.99432109208e-05
-0.000156368223783
-2.41431203625e-05
-0.000174263280979
-2.90767563319e-05
-0.000198234154093
-3.69873181602e-05
-0.00021790425439
-6.07515861999e-05
-0.000227259591628
-8.26176278908e-05
-0.000192392499637
1.48266322817e-05
-5.79569326397e-08
-9.37809766171e-05
-3.494832199e-07
-9.03340746364e-05
-8.83836399745e-07
-8.84966550012e-05
-1.63845373786e-06
-8.83562837315e-05
-2.66895602649e-06
-8.98517481713e-05
-4.03528430581e-06
-9.25400617642e-05
-5.81435635567e-06
-9.61010553751e-05
-8.04174112429e-06
-0.000100457782855
-1.06809125251e-05
-0.000105634460468
-1.37935885573e-05
-0.000111754618547
-1.7512793866e-05
-0.000118832481071
-2.19157095823e-05
-0.000127153656611
-2.71512215412e-05
-0.0001372450789
-3.31416499581e-05
-0.000150376309418
-3.95012771307e-05
-0.000167902531736
-4.78418480549e-05
-0.000189892934583
-5.91510378545e-05
-0.000206594847957
-7.92966641545e-05
-0.000207112435203
-9.76290636986e-05
-0.000174057969986
4.19422411307e-06
-5.86487590001e-07
-9.31947975274e-05
-1.4408646025e-06
-8.94798766307e-05
-2.55696479506e-06
-8.73804870249e-05
-3.938300061e-06
-8.69749534511e-05
-5.62491024195e-06
-8.81653874397e-05
-7.70032093041e-06
-9.04645762328e-05
-1.01628868941e-05
-9.36382079684e-05
-1.30056607797e-05
-9.76144449965e-05
-1.63711101185e-05
-0.000102267990321
-2.02643818324e-05
-0.000107859921904
-2.48372135509e-05
-0.00011425792378
-3.03185202722e-05
-0.000121670564048
-3.67717953032e-05
-0.000130790134715
-4.45388367423e-05
-0.000142607864646
-5.36437649494e-05
-0.000158796540215
-6.5634060352e-05
-0.000177902008819
-8.14835509407e-05
-0.000190745158498
-9.32903338e-05
-0.000195304860252
-0.000104726131805
-0.000162621978143
-5.55915061495e-05
-1.15209193448e-06
-9.20424898206e-05
-2.56503274165e-06
-8.80666405365e-05
-4.23729420662e-06
-8.57079226315e-05
-6.24576829732e-06
-8.49661787791e-05
-8.55732923333e-06
-8.58535070583e-05
-1.12041985484e-05
-8.78173106993e-05
-1.42249283701e-05
-9.06168888858e-05
-1.76766787905e-05
-9.41618563249e-05
-2.15668013152e-05
-9.83766761472e-05
-2.61448254413e-05
-0.000103280401394
-3.15184305595e-05
-0.000108882581202
-3.77493721033e-05
-0.000115437852929
-4.51730917024e-05
-0.000123364749324
-5.40676938644e-05
-0.000133711855704
-6.51098707632e-05
-0.000147753309454
-8.02559251051e-05
-0.000162755351717
-9.98271373667e-05
-0.000171173776176
-0.000105547596235
-0.000189584020174
-0.000117153102872
-0.000151017760497
-0.000158078079254
-1.70285825789e-06
-9.03392818205e-05
-3.64890373892e-06
-8.61201765603e-05
-5.88484250773e-06
-8.34715408174e-05
-8.42650468666e-06
-8.24240581483e-05
-1.12398589852e-05
-8.30396458147e-05
-1.43465925843e-05
-8.4709970216e-05
-1.78141190025e-05
-8.714857265e-05
-2.17658595763e-05
-9.02090781837e-05
-2.62536595161e-05
-9.38875382437e-05
-3.14089305301e-05
-9.81235172499e-05
-3.73028799057e-05
-0.000102986829146
-4.41931098136e-05
-0.000108545793937
-5.22437838603e-05
-0.000115312387224
-6.18949345244e-05
-0.000124059311449
-7.39469308835e-05
-0.000135700328998
-9.03868745681e-05
-0.000146314905254
-0.00011092996039
-0.000150630575198
-0.00011657566533
-0.000183938806137
-0.000110758164417
-0.000156837590916
-0.00028408494561
-2.16838597844e-06
-8.81704413351e-05
-4.5670971965e-06
-8.37209520246e-05
-7.2485949624e-06
-8.07895077101e-05
-1.02160204681e-05
-7.94560756498e-05
-1.3471207679e-05
-7.97838496366e-05
-1.70164706401e-05
-8.11639949137e-05
-2.0927247724e-05
-8.32369104039e-05
-2.53028679804e-05
-8.58323352594e-05
-3.02902014663e-05
-8.88988067864e-05
-3.59316354566e-05
-9.24804290467e-05
-4.23573101901e-05
-9.65593391108e-05
-4.96551055648e-05
-0.000101246181581
-5.81176497081e-05
-0.000106848214986
-6.82874147343e-05
-0.000113888283729
-8.1089147693e-05
-0.000122897820154
-9.72896367864e-05
-0.000130114127582
-0.000115235041452
-0.000132685173313
-0.000122059594723
-0.000177114738949
-5.5371091679e-05
-0.000223530522317
-0.000406605730444
-2.55209754622e-06
-8.56177031427e-05
-5.34209457079e-06
-8.09302942893e-05
-8.38363765148e-06
-7.77473061771e-05
-1.16904441666e-05
-7.61486136389e-05
-1.5307589872e-05
-7.61660260355e-05
-1.9275809259e-05
-7.71950234307e-05
-2.36279654284e-05
-7.88838555577e-05
-2.84135935575e-05
-8.10455828315e-05
-3.37167229898e-05
-8.35942787614e-05
-3.96863813817e-05
-8.65090897766e-05
-4.64558555165e-05
-8.97880014887e-05
-5.41012680122e-05
-9.35989214915e-05
-6.29578862664e-05
-9.79900286738e-05
-7.34848920642e-05
-0.000103360254896
-8.66675485392e-05
-0.000109714831538
-0.000102384845812
-0.000114397060839
-0.000118702899007
-0.000116367432111
-0.000129345330583
-0.000166473202521
0.000146395958487
-0.000499278025415
-0.000342968689687
-2.89456416359e-06
-8.27223064966e-05
-5.9862928233e-06
-7.78377416537e-05
-9.33119626569e-06
-7.44016220484e-05
-1.29587191073e-05
-7.25203630929e-05
-1.68624570891e-05
-7.22615908054e-05
-2.11138574191e-05
-7.29428950541e-05
-2.57577838554e-05
-7.42390724802e-05
-3.08517303809e-05
-7.59505058724e-05
-3.64501274102e-05
-7.79944238015e-05
-4.26642989294e-05
-8.02931244741e-05
-4.96231578947e-05
-8.28271484739e-05
-5.75752868204e-05
-8.56449070894e-05
-6.66604656349e-05
-8.89034859354e-05
-7.7427087906e-05
-9.25931598163e-05
-9.08221246076e-05
-9.63203153067e-05
-0.000106734670514
-9.84854740261e-05
-0.000122631914341
-0.00010047071919
-0.000142914362687
-0.000146192304384
7.05718856886e-05
-0.000712780230094
-0.000199198818493
-3.16617433758e-06
-7.9555253144e-05
-6.51665847514e-06
-7.448640804e-05
-1.01114512002e-05
-7.08060539962e-05
-1.39520058056e-05
-6.86791276071e-05
-1.80656249254e-05
-6.81473660803e-05
-2.24577047717e-05
-6.85502168644e-05
-2.72345051482e-05
-6.94614843213e-05
-3.25270100989e-05
-7.06569918597e-05
-3.83901358824e-05
-7.21299393188e-05
-4.4850914736e-05
-7.38306197009e-05
-5.2007015309e-05
-7.56691821183e-05
-6.00774830893e-05
-7.75727965856e-05
-6.92518422461e-05
-7.9728187593e-05
-8.00049217877e-05
-8.18402313704e-05
-9.32913316235e-05
-8.30350174462e-05
-0.000109431796424
-8.23463561542e-05
-0.000126384336481
-8.35189246486e-05
-0.000153494974829
-0.000119084051091
-0.000217513717239
-0.000648771383056
-0.000195987467493
-3.3627754461e-06
-7.61913035456e-05
-6.92716673836e-06
-7.09208877678e-05
-1.0710471491e-05
-6.70217338151e-05
-1.47303118503e-05
-6.46584246971e-05
-1.90164210728e-05
-6.38605328601e-05
-2.35568016141e-05
-6.400912162e-05
-2.84426697894e-05
-6.4574794705e-05
-3.38003587506e-05
-6.52981464712e-05
-3.97446690137e-05
-6.61836321604e-05
-4.6285440507e-05
-6.72877221118e-05
-5.34707264553e-05
-6.84815004665e-05
-6.14332102035e-05
-6.96081788045e-05
-7.05766109728e-05
-7.05835655158e-05
-8.12207749385e-05
-7.11962503067e-05
-9.4164725083e-05
-7.00926387623e-05
-0.000109709802247
-6.68032230467e-05
-0.000127037171713
-6.61926169522e-05
-0.000158871452957
-8.72516903998e-05
-0.000263629676813
-0.000544026875179
-0.000188491442395
-3.50808294082e-06
-7.26827409219e-05
-7.22309792234e-06
-6.72054530443e-05
-1.11479004281e-05
-6.30966041974e-05
-1.53044066671e-05
-6.05017076508e-05
-1.970535709e-05
-5.94594812327e-05
-2.43838881043e-05
-5.93305333014e-05
-2.93764246489e-05
-5.95821815234e-05
-3.47272816838e-05
-5.99470831207e-05
-4.06002739394e-05
-6.03100286162e-05
-4.71019116606e-05
-6.078535485e-05
-5.41696142668e-05
-6.14130306226e-05
-6.19519502996e-05
-6.18253137273e-05
-7.072257917e-05
-6.18129217268e-05
-8.09180826651e-05
-6.10013746097e-05
-9.29069501063e-05
-5.81048592001e-05
-0.000106871553029
-5.28395807948e-05
-0.0001238239595
-4.92406088569e-05
-0.000159747910207
-5.13283170623e-05
-0.000247733606107
-0.000456043606283
-0.000172875013896
-3.64226092034e-06
-6.90402163119e-05
-7.43761090971e-06
-6.34099248403e-05
-1.14461383892e-05
-5.90880077335e-05
-1.56737012432e-05
-5.6274206148e-05
-2.01300465829e-05
-5.5003320556e-05
-2.4839008725e-05
-5.46218347022e-05
-2.98230726135e-05
-5.45983982672e-05
-3.51078377102e-05
-5.46624852314e-05
-4.07426769083e-05
-5.46748790321e-05
-4.69453968612e-05
-5.45819994315e-05
-5.38843196376e-05
-5.44736770975e-05
-6.15296944659e-05
-5.41798606497e-05
-7.00409565931e-05
-5.33019303881e-05
-7.98242509906e-05
-5.12187525251e-05
-9.17495897209e-05
-4.61804143389e-05
-0.000106454048576
-3.81358314361e-05
-0.000123731586267
-3.19633391071e-05
-0.00015038833998
-2.46717512123e-05
-0.000213910016606
-0.000392522735905
-0.000169945379718
-3.71443057188e-06
-6.53257346844e-05
-7.57316444593e-06
-5.95512541451e-05
-1.16197095366e-05
-5.50416557541e-05
-1.58607235137e-05
-5.20335333985e-05
-2.03099676724e-05
-5.05545572374e-05
-2.49824369041e-05
-4.99499409772e-05
-2.9902246508e-05
-4.9679184381e-05
-3.51055852963e-05
-4.94596618064e-05
-4.06519564759e-05
-4.91288950031e-05
-4.65855658933e-05
-4.86486460941e-05
-5.31149601539e-05
-4.79445183585e-05
-6.02672541763e-05
-4.7027783948e-05
-6.81760180664e-05
-4.53935595226e-05
-7.7476938814e-05
-4.19184211154e-05
-8.94133755996e-05
-3.42446254818e-05
-0.000104182800961
-2.33668668345e-05
-0.000121942234681
-1.4204058747e-05
-0.000139308095365
-7.30596050732e-06
-0.00015652998939
-0.000375301573053
-0.000176499553878
-3.7474113007e-06
-6.15784911884e-05
-7.63168923328e-06
-5.56672862278e-05
-1.16719419655e-05
-5.1001863574e-05
-1.58921687133e-05
-4.78139329957e-05
-2.0289696534e-05
-4.615781156e-05
-2.48810084162e-05
-4.53595179314e-05
-2.96943216504e-05
-4.48667797232e-05
-3.47706955771e-05
-4.43841420685e-05
-4.01063193168e-05
-4.37940432433e-05
-4.57342391154e-05
-4.30213737069e-05
-5.16994560385e-05
-4.19800565983e-05
-5.81820256635e-05
-4.05455825661e-05
-6.52711567285e-05
-3.83047972288e-05
-7.36028624556e-05
-3.3587111464e-05
-8.51210238162e-05
-2.2726818994e-05
-0.000100079793477
-8.40830701622e-06
-0.000116984965228
2.70106340543e-06
-0.000129302281334
5.01134306474e-06
-0.000123754362245
-0.000380849856687
-0.000187181535863
-3.7650772469e-06
-5.78138050693e-05
-7.63867587776e-06
-5.17942456582e-05
-1.16444365325e-05
-4.69968291601e-05
-1.57963608537e-05
-4.36629148188e-05
-2.01019523663e-05
-4.18532930152e-05
-2.45735899536e-05
-4.08890651344e-05
-2.92295314291e-05
-4.02120372354e-05
-3.40915002584e-05
-3.95233271541e-05
-3.91599348172e-05
-3.87267024575e-05
-4.4467967499e-05
-3.77142916157e-05
-4.99984986194e-05
-3.64506610736e-05
-5.57469229351e-05
-3.479756926e-05
-6.18395148839e-05
-3.22124619695e-05
-6.899162043e-05
-2.64351645194e-05
-7.89288943898e-05
-1.27896138075e-05
-9.36532741948e-05
6.31608161041e-06
-0.000110021276343
1.90690985349e-05
-0.000120397187521
1.53872552831e-05
-0.000122825048342
-0.00037842187597
-0.000193072394347
-3.77212999981e-06
-5.40422855539e-05
-7.59225711892e-06
-4.79749150677e-05
-1.15198824812e-05
-4.30701803352e-05
-1.55730993459e-05
-3.96108610725e-05
-1.97607203511e-05
-3.76670033285e-05
-2.40949956637e-05
-3.65562267451e-05
-2.85877941223e-05
-3.57206746532e-05
-3.32681396527e-05
-3.48443675841e-05
-3.81251810728e-05
-3.38709918302e-05
-4.31724589601e-05
-3.26681692577e-05
-4.84047029603e-05
-3.12198012109e-05
-5.36134771678e-05
-2.95891926747e-05
-5.90747013328e-05
-2.67513748578e-05
-6.54676333486e-05
-2.00421997337e-05
-7.39895814773e-05
-4.2675346297e-06
-8.65021596195e-05
1.88287989149e-05
-0.000100460417036
3.30274259971e-05
-0.000111321030566
2.62478811975e-05
-0.00013603175103
-0.000353711696541
-0.000181718074021
-3.74488166184e-06
-5.02982174347e-05
-7.4760316716e-06
-4.42447757778e-05
-1.12993951867e-05
-3.92480102458e-05
-1.52307976615e-05
-3.56808337488e-05
-1.9277791587e-05
-3.36215401918e-05
-2.34660278393e-05
-3.23696062005e-05
-2.78326598295e-05
-3.13556312907e-05
-3.23450363827e-05
-3.0333515575e-05
-3.70950139575e-05
-2.91224825292e-05
-4.20402339631e-05
-2.77242202599e-05
-4.71652956486e-05
-2.60962687953e-05
-5.2469610448e-05
-2.42852778506e-05
-5.7865656707e-05
-2.13554374895e-05
-6.39026853699e-05
-1.40051012327e-05
-7.11321790727e-05
2.96210583401e-06
-7.90426138359e-05
2.67393436933e-05
-8.84215585056e-05
4.24063939629e-05
-0.000104385012552
4.22113322003e-05
-0.000158866309577
-0.000299230743587
-0.00015394994322
-3.61688382946e-06
-4.66823205e-05
-7.31387014534e-06
-4.05489750045e-05
-1.10291871603e-05
-3.55340518224e-05
-1.47804002653e-05
-3.19311407926e-05
-1.86484138339e-05
-2.97551729362e-05
-2.2652231121e-05
-2.83674846738e-05
-2.68290283949e-05
-2.71804698249e-05
-3.12294286684e-05
-2.59346756896e-05
-3.5898519857e-05
-2.44549189017e-05
-4.08664024298e-05
-2.27576927352e-05
-4.60994523362e-05
-2.08648811046e-05
-5.172899604e-05
-1.86562590997e-05
-5.80195087041e-05
-1.50652220714e-05
-6.47990750949e-05
-7.22571105074e-06
-7.02601008245e-05
8.42299620494e-06
-7.34994370292e-05
2.99785150214e-05
-7.75733595547e-05
4.64801664696e-05
-9.70952996614e-05
6.17332283325e-05
-0.000177765107265
-0.00021856167667
-0.00011531223929
-3.56142552557e-06
-4.31220148154e-05
-7.06385329974e-06
-3.70478573533e-05
-1.05932006255e-05
-3.20061632483e-05
-1.41894340791e-05
-2.83364896743e-05
-1.78658044453e-05
-2.60804641016e-05
-2.16778466465e-05
-2.45571068349e-05
-2.56286217281e-05
-2.32312699014e-05
-2.98297059001e-05
-2.17351091945e-05
-3.43256246806e-05
-1.99605909092e-05
-3.92295738138e-05
-1.78552835237e-05
-4.46501324405e-05
-1.54462940095e-05
-5.08866901646e-05
-1.24206259258e-05
-5.79553472217e-05
-7.99742026757e-06
-6.49583719345e-05
-2.23535840293e-07
-6.9778358632e-05
1.32421462131e-05
-6.97763866921e-05
2.99757699593e-05
-6.89685902922e-05
4.56718768103e-05
-8.39887597586e-05
7.67532598972e-05
-0.00017482699761
-0.000127723469565
-7.72862340967e-05
-3.42015274508e-06
-3.97030708815e-05
-6.78744334638e-06
-3.36819499341e-05
-1.01323470687e-05
-2.86627531791e-05
-1.35120769217e-05
-2.4958322035e-05
-1.69517746325e-05
-2.2642346525e-05
-2.04867664016e-05
-2.10236479421e-05
-2.41911214119e-05
-1.9528346971e-05
-2.81041867778e-05
-1.78235046086e-05
-3.23096111626e-05
-1.57569683058e-05
-3.69661126896e-05
-1.32008105439e-05
-4.23894651904e-05
-1.00256839225e-05
-4.8744205969e-05
-6.0676730378e-06
-5.5946157481e-05
-7.97414959047e-07
-6.28612478245e-05
6.68946952876e-06
-6.68666982329e-05
1.72455468883e-05
-6.63040745645e-05
2.94113769412e-05
-6.28942878473e-05
4.22610765835e-05
-6.91109816316e-05
8.29696831156e-05
-0.000128348908241
-6.84859267316e-05
-3.84258914936e-05
-3.31387633732e-06
-3.63904572536e-05
-6.4886363595e-06
-3.05086107121e-05
-9.62174746758e-06
-2.55311261701e-05
-1.27433366298e-05
-2.18382211232e-05
-1.59055718319e-05
-1.94815519552e-05
-1.91426443631e-05
-1.77879233867e-05
-2.24999105975e-05
-1.61723457352e-05
-2.6033635302e-05
-1.4291263505e-05
-2.98433342856e-05
-1.19496058734e-05
-3.40964718214e-05
-8.95074260029e-06
-3.89140994835e-05
-5.21234532015e-06
-4.4500933877e-05
-4.84140207411e-07
-5.08053793709e-05
5.50332717593e-06
-5.69660077381e-05
1.2846128973e-05
-6.04831001735e-05
2.07588544684e-05
-6.06163744855e-05
2.95415251736e-05
-5.82236329738e-05
3.98666845972e-05
-5.78730823961e-05
8.26186982202e-05
-8.12613005054e-05
-4.50986901224e-05
-8.89423838273e-06
-3.12674489359e-06
-3.32650226827e-05
-6.16219279205e-06
-2.74746260149e-05
-9.07234342031e-06
-2.262246059e-05
-1.1926199981e-05
-1.89857985216e-05
-1.47777895344e-05
-1.66313020579e-05
-1.76582021514e-05
-1.49087333773e-05
-2.06045628493e-05
-1.3227182821e-05
-2.36673063921e-05
-1.12302471628e-05
-2.69277210182e-05
-8.69264011305e-06
-3.04514514835e-05
-5.43195934068e-06
-3.4334594671e-05
-1.33603438296e-06
-3.86629720435e-05
3.83864297436e-06
-4.34485265923e-05
1.02826017444e-05
-4.80598344032e-05
1.74508787253e-05
-5.12226956971e-05
2.39156465512e-05
-5.21935043631e-05
3.05075747463e-05
-5.39589901079e-05
4.16297952821e-05
-5.66665146928e-05
8.53256262117e-05
-7.61402392009e-05
-2.56277287517e-05
1.74244301195e-05
-3.07226677362e-06
-3.01941635927e-05
-5.86627499678e-06
-2.46822046299e-05
-8.52318970215e-06
-1.99671521909e-05
-1.10906678404e-05
-1.64198742809e-05
-1.35977300578e-05
-1.41257332172e-05
-1.60742395823e-05
-1.24336546193e-05
-1.8539784298e-05
-1.07630708582e-05
-2.1025359352e-05
-8.74771479269e-06
-2.36142948806e-05
-6.11012256055e-06
-2.62819499852e-05
-2.77364897761e-06
-2.90838103471e-05
1.45396307987e-06
-3.19601639695e-05
6.7043183416e-06
-3.49681309692e-05
1.32788803702e-05
-3.77738934856e-05
2.02444033026e-05
-3.98790102893e-05
2.60101226435e-05
-4.19574615798e-05
3.25777292956e-05
-4.3199115445e-05
4.28675461769e-05
-4.62472568129e-05
8.83728211187e-05
-7.48736546725e-05
2.99710736032e-06
4.26144428192e-05
-2.92526096501e-06
-2.72710913604e-05
-5.56383364044e-06
-2.2045891347e-05
-8.00944580233e-06
-1.75237639035e-05
-1.02634026902e-05
-1.4167873943e-05
-1.24093700479e-05
-1.1981577103e-05
-1.44542670508e-05
-1.03906711742e-05
-1.63896723259e-05
-8.83175260771e-06
-1.82747235302e-05
-6.86844556092e-06
-2.00821041315e-05
-4.3155970155e-06
-2.18142502589e-05
-1.05299122294e-06
-2.33262838546e-05
2.94117551278e-06
-2.44869395717e-05
7.84655228193e-06
-2.52722439927e-05
1.40433305882e-05
-2.60035165089e-05
2.0956935107e-05
-2.69368602254e-05
2.69262268425e-05
-2.93391199948e-05
3.4969200701e-05
-3.29559079611e-05
4.6479013587e-05
-3.49523287778e-05
9.03679991024e-05
-6.26071615107e-05
3.0654050945e-05
7.24466865859e-05
-2.74944548103e-06
-2.45248399145e-05
-5.26110076167e-06
-1.95375627224e-05
-7.47021148404e-06
-1.53174690032e-05
-9.46384830889e-06
-1.21783645448e-05
-1.1266743398e-05
-1.01814387817e-05
-1.28923674305e-05
-8.77127949649e-06
-1.42907748e-05
-7.43850520869e-06
-1.55103589818e-05
-5.65897962738e-06
-1.66013414172e-05
-3.23441247222e-06
-1.74597308165e-05
-2.14761661909e-07
-1.75843056246e-05
3.03997147864e-06
-1.6595435458e-05
6.83366517288e-06
-1.46529414437e-05
1.20772459314e-05
-1.2805653751e-05
1.90857729671e-05
-1.22975357282e-05
2.64001051574e-05
-1.47653200377e-05
3.74238157562e-05
-1.95509933406e-05
5.12590062264e-05
-2.54629880568e-05
9.62787144706e-05
-6.04831773803e-05
6.56770290608e-05
0.000110547625856
-2.69948931079e-06
-2.18293154522e-05
-5.01302027946e-06
-1.72279848298e-05
-7.02086876231e-06
-1.3316539428e-05
-8.75341079347e-06
-1.04496524145e-05
-1.02298612497e-05
-8.71468830173e-06
-1.14235706941e-05
-7.5828345427e-06
-1.23380467836e-05
-6.53103471947e-06
-1.29615380819e-05
-5.04808987062e-06
-1.35720843804e-05
-2.64308824475e-06
-1.40173132582e-05
2.09036799233e-07
-1.32948683826e-05
2.28673585021e-06
-1.02893475532e-05
3.79561300371e-06
-5.10672744835e-06
6.85920382936e-06
2.92480791742e-08
1.39175485389e-05
2.5508713136e-06
2.38502924428e-05
1.76725901779e-06
3.81887511439e-05
-3.0760334618e-06
5.60928481589e-05
-1.60627672213e-05
0.000109263319016
-8.88835469723e-05
0.000138496750717
0.000157194932512
-2.60990056234e-06
-1.92251397485e-05
-4.77879339398e-06
-1.50667076048e-05
-6.61307215641e-06
-1.14888667683e-05
-8.12914375405e-06
-8.9461888356e-06
-9.33259181918e-06
-7.51890166217e-06
-1.01807228132e-05
-6.75074606766e-06
-1.06544539177e-05
-6.06697060444e-06
-1.07423495353e-05
-4.96806667984e-06
-1.12712238466e-05
-2.12509771749e-06
-1.21457727844e-05
1.07005777347e-06
-1.12891365481e-05
1.4136759017e-06
-6.53719188557e-06
-9.74345376337e-07
2.27910756751e-06
-1.97561993705e-06
1.09409858808e-05
5.23903878683e-06
1.53046815531e-05
1.94731135125e-05
1.57267123702e-05
3.77578946115e-05
1.89697963858e-05
5.28459086572e-05
1.65077282017e-05
0.000111724514685
1.47121886999e-05
0.000140286475492
0.000294614365058
-2.53146324652e-06
-1.66972513242e-05
-4.61361444835e-06
-1.29890770725e-05
-6.33287242613e-06
-9.77515677949e-06
-7.71019113482e-06
-7.57451175223e-06
-8.75667408175e-06
-6.48432005973e-06
-9.42345921299e-06
-6.09021114766e-06
-9.59979082196e-06
-5.8976010389e-06
-9.36620476956e-06
-5.20970940057e-06
-1.05067116267e-05
-9.94472555556e-07
-1.32524506794e-05
3.80394580633e-06
-1.34681579429e-05
1.61575618508e-06
-7.13158759593e-06
-7.32559114855e-06
6.31985548293e-06
-1.5441654623e-05
1.87091588712e-05
-7.16342065915e-06
2.42612533061e-05
1.39106077661e-05
2.32831663834e-05
3.87291043945e-05
2.12260881751e-05
5.48999070365e-05
2.36097939206e-05
0.0001093400712
7.0591025324e-06
0.000156839035306
0.000583319982437
-2.46457432416e-06
-1.42362020094e-05
-4.51401938731e-06
-1.09436410216e-05
-6.19462418451e-06
-8.0992495236e-06
-7.58011397471e-06
-6.19408411685e-06
-8.72491491087e-06
-5.34490529709e-06
-9.60244266524e-06
-5.21843341744e-06
-1.01119879297e-05
-5.39442411382e-06
-9.66070498668e-06
-5.66807407312e-06
-1.23783406234e-05
1.7149703731e-06
-1.86678018112e-05
1.00841156382e-05
-2.12656949489e-05
4.20314124041e-06
-1.33303029111e-05
-1.52721750456e-05
6.42611168033e-06
-3.52094994945e-05
2.31734891966e-05
-2.39215215776e-05
2.95931566297e-05
7.4820069851e-06
2.76169276277e-05
4.06989490777e-05
2.39822898133e-05
5.85312069456e-05
3.98114893318e-05
9.35099602776e-05
1.78833888114e-05
0.000178780254509
0.000827623326477
-2.484485404e-06
-1.17551304753e-05
-4.53103465065e-06
-8.90078393419e-06
-6.27662440361e-06
-6.35770016455e-06
-7.87865498665e-06
-4.59635147251e-06
-9.50831351096e-06
-3.71975167058e-06
-1.12942048067e-05
-3.43721299213e-06
-1.26079555637e-05
-4.08551162952e-06
-1.26532420427e-05
-5.62786288848e-06
-1.60182681425e-05
5.07452178454e-06
-2.38728144399e-05
1.79322623151e-05
-2.86589321666e-05
8.98169062617e-06
-2.07803334906e-05
-2.31595741805e-05
4.60488698481e-06
-6.06078306845e-05
2.35938003646e-05
-4.29256981453e-05
2.81798586377e-05
2.880887822e-06
2.73214429613e-05
4.15445855692e-05
3.56443648297e-05
5.0200029998e-05
7.91407863139e-05
5.00109906753e-05
0.000223444325904
3.44625167015e-05
-0.000281537606005
-2.56669554112e-06
-9.19146130217e-06
-4.61882070812e-06
-6.85181122775e-06
-6.38913310485e-06
-4.59065876672e-06
-8.43945849546e-06
-2.54931762687e-06
-1.16418678621e-05
-5.20547310246e-07
-1.60405412735e-05
9.58500904927e-07
-1.84850603096e-05
-1.64366683883e-06
-1.61388189846e-05
-7.97644175385e-06
-1.68575897824e-05
5.78982893156e-06
-2.10422435708e-05
2.21122340664e-05
-2.25649658196e-05
1.0498040952e-05
-1.41809797221e-05
-3.15589667783e-05
1.34307614207e-05
-8.82421809119e-05
1.648746954e-05
-4.60105229706e-05
1.35246017935e-05
5.81517483117e-06
1.15333509713e-05
4.35116837527e-05
1.64851846302e-05
4.52344694796e-05
4.34989820413e-05
2.29930511541e-05
5.30397926133e-05
2.49334440003e-05
-0.000135509232414
-2.72220279734e-06
-6.4716269234e-06
-4.81842758674e-06
-4.75787522554e-06
-6.33882751219e-06
-3.07243814162e-06
-7.48167990321e-06
-1.4083711256e-06
-8.8000736541e-06
7.96419143771e-07
-1.1985425243e-05
4.14302969762e-06
-1.71496895735e-05
3.52059041987e-06
-2.57056833768e-05
5.7907535817e-07
-1.99176509871e-05
2.19191570098e-06
1.26822720359e-05
-1.88890648248e-05
1.62112711595e-05
-0.000123376259928
1.51277936432e-06
-3.13533368552e-05
-1.18035668777e-05
1.90900562399e-05
-1.36224010401e-05
4.52960956816e-05
-1.04357106476e-05
4.2026395806e-05
1.65437757316e-06
1.08961088077e-05
-5.73298345163e-06
3.23313781073e-05
0.000186776100853
-2.68590852055e-06
-3.78713730545e-06
-4.66581274806e-06
-2.77901684557e-06
-5.98880921252e-06
-1.75008734591e-06
-6.85799724475e-06
-5.39204558212e-07
-7.14597656211e-06
1.08519003488e-06
-5.75413151311e-06
2.75299841112e-06
-3.6573620257e-06
1.42640940539e-06
-3.07611166628e-06
-5.02373710743e-05
-7.31957351968e-05
-6.74090813764e-05
-1.4251790265e-05
-6.25249849582e-05
1.41336036911e-05
-4.74086290463e-05
3.01158507272e-05
-3.08459815746e-05
2.5422093076e-05
-3.01157691517e-05
1.01517202775e-05
-2.78759383789e-05
3.00876264505e-05
0.000588018290771
-2.80815927004e-06
-9.78071040532e-07
-4.59492685829e-06
-9.90709805751e-07
-5.3490049153e-06
-9.93537872319e-07
-4.89069170374e-06
-9.93832350869e-07
-2.89141007829e-06
-9.09024674391e-07
6.6340658928e-07
-7.9556379174e-07
2.68814532797e-06
-5.91364205481e-07
-3.83663634267e-07
-7.72721181893e-05
3.99204340245e-06
-9.64784704747e-05
4.86088670418e-06
-9.00774707783e-05
7.65575362424e-06
-7.22276223434e-05
1.22017057522e-05
-6.86680148858e-05
2.18214782423e-05
-0.000100608355817
4.20785404727e-05
-8.20315128811e-05
1.14972357608e-05
0.00138268196619
-2.78220491645e-06
1.80836892984e-06
-4.57987772973e-06
8.12647918517e-07
-5.37574434153e-06
-1.90253575234e-07
-4.88699481191e-06
-1.47313259093e-06
-2.89793243888e-06
-2.88698113509e-06
7.03474770056e-07
-4.38467019597e-06
2.72126978296e-06
-2.59786054663e-06
2.34496602574e-06
-7.56826411733e-05
7.95281646521e-05
-9.26143865898e-05
2.16582017788e-05
-8.26172539473e-05
-2.45543354489e-06
-5.97226074037e-05
-1.07816954493e-05
-4.03678398337e-05
2.41340280325e-06
-3.44707947308e-05
3.6164579206e-05
2.92161536609e-05
-5.21453965563e-05
-0.0015495312712
-2.59421821741e-06
4.40943623755e-06
-4.53463949492e-06
2.76212190552e-06
-5.828004633e-06
1.11460470041e-06
-6.77685559514e-06
-5.10489985323e-07
-7.0978655679e-06
-2.5501071453e-06
-5.67091286258e-06
-5.79565259705e-06
-3.61176952004e-06
-4.6405302504e-06
-1.26025011767e-06
-4.53522977744e-05
0.00012470410195
-5.85054181141e-05
3.46214885269e-05
-4.84259973642e-05
-1.26982885621e-05
-2.63615076063e-05
-3.29623620293e-05
-2.86485242607e-06
-2.11478728978e-05
3.19948331553e-05
1.28700516981e-06
0.000106605504343
-0.000126788603699
-0.000416998249275
-2.64584808122e-06
7.06651617661e-06
-4.71083161783e-06
4.84179074569e-06
-6.26238777585e-06
2.68423823619e-06
-7.46497621618e-06
7.13714493519e-07
-8.81854632854e-06
-1.17236965953e-06
-1.21534559855e-05
-2.43535765172e-06
-1.70362035968e-05
2.63923622134e-07
-2.50640501973e-05
6.78256628363e-06
-1.87155594261e-05
-6.3528267242e-06
4.14729316088e-06
-2.28850435379e-05
1.52090206757e-05
-1.11214214351e-05
-1.57770252719e-05
3.0858434534e-05
2.18110288832e-05
8.68339127889e-05
1.14212917965e-05
4.46986950362e-05
4.67480384948e-06
-6.26229933297e-06
1.24380703581e-05
-4.08611541356e-05
3.40783463802e-05
-4.28595576515e-05
9.08457869571e-05
-5.54992861514e-05
0.000117762238666
-0.0001537407034
-0.000256371901761
-2.53638874974e-06
9.61354360735e-06
-4.58221163052e-06
6.9006851593e-06
-6.33774262837e-06
4.45493970564e-06
-8.3508397303e-06
2.74384190682e-06
-1.14883869225e-05
1.98318890634e-06
-1.58962103243e-05
1.989886972e-06
-1.82623276478e-05
2.64338794658e-06
-1.56380157559e-05
4.16295959756e-06
-1.56011026047e-05
-6.39941313608e-06
-1.90832186827e-05
-1.94331381213e-05
-1.97217060941e-05
-1.05444009369e-05
-9.82383601399e-06
2.08385096678e-05
1.89510634988e-05
5.78593035274e-05
2.62742779922e-05
3.71384862686e-05
2.84853697849e-05
-8.79932841902e-06
3.40268284921e-05
-4.65458337193e-05
4.70411499425e-05
-5.59463019269e-05
7.75913360114e-05
-8.60682665913e-05
6.59933024738e-05
-0.000142118635944
-0.000201092618796
-2.49921204557e-06
1.21256834777e-05
-4.54450017387e-06
8.96107744193e-06
-6.27383031029e-06
6.20122430589e-06
-7.88782304805e-06
4.37633347867e-06
-9.50299992185e-06
3.61744564168e-06
-1.10662045562e-05
3.57098451972e-06
-1.21938397473e-05
3.78452293355e-06
-1.18977208871e-05
3.87134354412e-06
-1.47896044072e-05
-3.51767598725e-06
-2.20641585535e-05
-1.21898154248e-05
-2.58375666985e-05
-6.8313839773e-06
-1.68405528172e-05
1.17230016353e-05
1.09113372799e-05
2.99123677882e-05
3.17737276097e-05
1.60449986399e-05
4.06953653489e-05
-1.80412341629e-05
4.66398009984e-05
-5.26279180162e-05
5.87951449606e-05
-6.81688542258e-05
7.39023101536e-05
-0.000101192187626
5.09781969134e-05
-0.000119141827336
-0.00021649357886
-2.50786612247e-06
1.46477430327e-05
-4.54906165837e-06
1.10182863053e-05
-6.21859734576e-06
7.8884002968e-06
-7.55315206074e-06
5.7298713889e-06
-8.60327660945e-06
4.68699013902e-06
-9.31101682365e-06
4.2968537846e-06
-9.54690401847e-06
4.03434559761e-06
-8.84947404612e-06
3.1793882443e-06
-1.10576127772e-05
-1.31785183538e-06
-1.67926725593e-05
-6.48290273995e-06
-1.86676752853e-05
-5.0113050307e-06
-9.75626066921e-06
2.70329523595e-06
1.11852844245e-05
8.79551757315e-06
2.98418598716e-05
-2.81671708301e-06
4.02020773288e-05
-2.8688879409e-05
4.73044866841e-05
-5.98503253874e-05
6.42705064626e-05
-8.51913433664e-05
8.1189316532e-05
-0.000118124207363
8.74050054916e-05
-0.00012536301321
-0.000191965745544
-2.57663282348e-06
1.72383304283e-05
-4.66894536992e-06
1.31259618722e-05
-6.35328337017e-06
9.58952019463e-06
-7.66510342752e-06
7.05970769564e-06
-8.57265786906e-06
5.61305825611e-06
-9.05928308078e-06
4.80098969921e-06
-9.00646939498e-06
3.99554222074e-06
-8.46728140141e-06
2.64701006611e-06
-9.31226015153e-06
-4.77963334985e-07
-1.16521495264e-05
-4.1651830452e-06
-1.1332184937e-05
-5.37625005536e-06
-4.48329692529e-06
-4.23520775466e-06
9.56033824256e-06
-5.38955525194e-06
2.29514160632e-05
-1.63709258549e-05
3.01932448551e-05
-3.61627298147e-05
3.29405880981e-05
-6.26921386677e-05
3.81275215997e-05
-9.04212810473e-05
5.51103077014e-05
-0.000135116568795
5.49913426557e-05
-0.000125267842571
-0.000131292707198
-2.68729414039e-06
1.99379509685e-05
-4.87164212877e-06
1.53236450154e-05
-6.67428059877e-06
1.14067297496e-05
-8.10703732254e-06
8.50822771276e-06
-9.18924433392e-06
6.71170369136e-06
-9.84240789316e-06
5.47010524082e-06
-1.00773321703e-05
4.2439521152e-06
-9.97441034048e-06
2.55212833654e-06
-1.02823284811e-05
-1.71291256513e-07
-1.09163508366e-05
-3.54578590138e-06
-9.86808525192e-06
-6.45681943698e-06
-4.97905831406e-06
-9.18984537833e-06
3.91703694041e-06
-1.43866302576e-05
1.21803919452e-05
-2.47492905439e-05
1.53054474543e-05
-3.94546200841e-05
1.33695051952e-05
-6.08231156986e-05
8.31386832064e-06
-8.53952984843e-05
1.56291788555e-05
-0.000142438292553
2.2827152219e-05
-0.000132480881286
-9.00148096191e-05
-2.74329393869e-06
2.2690968145e-05
-5.11256931579e-06
1.77033044993e-05
-7.1000319314e-06
1.34056439327e-05
-8.75641714575e-06
1.01772218452e-05
-1.0109041796e-05
8.07779692992e-06
-1.11575729949e-05
6.53217260757e-06
-1.18675566401e-05
4.96611552702e-06
-1.23158984002e-05
3.00909084212e-06
-1.27425307699e-05
2.57510961763e-07
-1.30210937641e-05
-3.27449293986e-06
-1.23437219358e-05
-7.15383935465e-06
-9.60222632624e-06
-1.19729637054e-05
-5.1415092911e-06
-1.891014669e-05
-1.80646786714e-06
-2.81552409648e-05
-2.6257889506e-06
-3.87409652066e-05
-7.4522969922e-06
-5.60390430939e-05
-1.71361425675e-05
-7.57299096645e-05
-2.3472195406e-05
-0.000136106142577
-5.85308005824e-05
-9.74291797874e-05
-5.70408156831e-05
-2.84862167756e-06
2.55462282403e-05
-5.38083023431e-06
2.02425216874e-05
-7.57587537121e-06
1.56085712425e-05
-9.5039644116e-06
1.2114251943e-05
-1.12121400407e-05
9.79585467403e-06
-1.27151937418e-05
8.04559231338e-06
-1.40132486103e-05
6.27410972323e-06
-1.50897628811e-05
4.09365061977e-06
-1.60528735148e-05
1.22478067796e-06
-1.69030302761e-05
-2.42609539905e-06
-1.71938293666e-05
-6.87256587e-06
-1.6751061857e-05
-1.24379217254e-05
-1.6376261335e-05
-1.93181068928e-05
-1.73738157084e-05
-2.71950103962e-05
-2.12118096403e-05
-3.49608293222e-05
-3.00929121322e-05
-4.7181792278e-05
-4.12328081812e-05
-6.46002962645e-05
-6.75644811399e-05
-0.0001097766262
-0.000146866545144
-1.81302486243e-05
-4.20600250635e-05
-3.02153634822e-06
2.85704490313e-05
-5.69101174452e-06
2.29149811752e-05
-8.13055060137e-06
1.80517710246e-05
-1.03786634833e-05
1.43668730808e-05
-1.24906275146e-05
1.19131999588e-05
-1.44913853252e-05
1.00524019029e-05
-1.64047466278e-05
8.19376687881e-06
-1.82426836954e-05
5.93725959181e-06
-2.01121130352e-05
3.09841532772e-06
-2.20921784463e-05
-4.44961001853e-07
-2.40436698032e-05
-4.92430851247e-06
-2.59135972017e-05
-1.05774193468e-05
-2.83412680133e-05
-1.69045346812e-05
-3.21418187367e-05
-2.34103269127e-05
-3.80640177403e-05
-2.90650395574e-05
-4.78387295109e-05
-3.74188518426e-05
-6.03937512649e-05
-5.20504149981e-05
-8.56249181421e-05
-8.45465137814e-05
-0.000137849036274
3.40892347161e-05
-1.74544636608e-05
-3.1534448913e-06
3.1722593706e-05
-6.02894407037e-06
2.57892537669e-05
-8.7495582373e-06
2.07715370606e-05
-1.13533815102e-05
1.69704229276e-05
-1.38880405136e-05
1.44482601949e-05
-1.63922729758e-05
1.25578069974e-05
-1.8908086956e-05
1.0711377416e-05
-2.15224347841e-05
8.55411937369e-06
-2.43197505704e-05
5.89762203819e-06
-2.74079455844e-05
2.64381933593e-06
-3.08308542883e-05
-1.50280633546e-06
-3.4859426249e-05
-6.55187801117e-06
-3.93133938561e-05
-1.24546903048e-05
-4.44381408353e-05
-1.82903142852e-05
-5.05991979432e-05
-2.29134847791e-05
-5.96195346987e-05
-2.84036028434e-05
-7.41057618666e-05
-3.75664491073e-05
-9.12484164115e-05
-6.74043341223e-05
-0.000129298363344
7.21372144241e-05
5.42066762636e-06
-3.23467741238e-06
3.49532903226e-05
-6.38401441338e-06
2.89344532736e-05
-9.40207786373e-06
2.37855921368e-05
-1.23532349813e-05
1.99178590317e-05
-1.52894782535e-05
1.73812870865e-05
-1.82489080576e-05
1.55146805171e-05
-2.12904814948e-05
1.37509583767e-05
-2.45035702339e-05
1.17653661779e-05
-2.80216780184e-05
9.4138771485e-06
-3.19265816904e-05
6.54666945476e-06
-3.65645825067e-05
3.1338368546e-06
-4.19555689571e-05
-1.16229387374e-06
-4.80020369697e-05
-6.40946956472e-06
-5.40842453343e-05
-1.2208660177e-05
-5.9578282125e-05
-1.7422054312e-05
-6.51891856282e-05
-2.27947574344e-05
-7.54584228448e-05
-2.72981608061e-05
-8.3860720832e-05
-5.9002252713e-05
-0.000110307202343
9.85831122937e-05
2.43711162038e-05
-3.44908149692e-06
3.83962215332e-05
-6.7504033981e-06
3.22292570097e-05
-1.00209320084e-05
2.70495932819e-05
-1.32827057638e-05
2.31733511072e-05
-1.65803402911e-05
2.0673130219e-05
-1.99330546542e-05
1.88621373137e-05
-2.34014321172e-05
1.72147431089e-05
-2.70649267134e-05
1.54247645581e-05
-3.10093498736e-05
1.33520283401e-05
-3.54281980257e-05
1.09621860949e-05
-4.06161888369e-05
8.31815949044e-06
-4.68868560325e-05
5.10640104005e-06
-5.40575527485e-05
7.6174225997e-07
-6.08500322438e-05
-5.41648218551e-06
-6.47736680526e-05
-1.34983168802e-05
-6.55017146569e-05
-2.20674813811e-05
-6.438944288e-05
-2.841085855e-05
-6.12832863336e-05
-6.21085030606e-05
-6.86195371692e-05
0.000105917150502
5.18542082815e-05
-3.50654804319e-06
4.18985917627e-05
-6.99185219577e-06
3.57101295794e-05
-1.0471464569e-05
3.0524605044e-05
-1.39939190593e-05
2.66910993332e-05
-1.758658344e-05
2.42610888137e-05
-2.13030983309e-05
2.25740579882e-05
-2.51746371766e-05
2.10816938102e-05
-2.92613102538e-05
1.95064983573e-05
-3.36229230099e-05
1.77070099174e-05
-3.83864224395e-05
1.57193232855e-05
-4.37460785901e-05
1.36738005177e-05
-5.01071675728e-05
1.14633788168e-05
-5.75139991153e-05
8.16796047304e-06
-6.4509421501e-05
1.57922575219e-06
-6.77658761206e-05
-1.02413362702e-05
-6.49191289398e-05
-2.49144537054e-05
-5.4910952938e-05
-3.84192553463e-05
-5.01945593826e-05
-6.68249645674e-05
-9.07089370106e-05
0.000146431640285
7.81785445776e-05
-3.63983092112e-06
4.55347392739e-05
-7.24683325216e-06
3.93132270482e-05
-1.09153954381e-05
3.41890380519e-05
-1.46613626594e-05
3.04327213058e-05
-1.8532877366e-05
2.81281046325e-05
-2.2553690764e-05
2.65903446104e-05
-2.67386265765e-05
2.52620670317e-05
-3.11676245875e-05
2.39308504033e-05
-3.59027154384e-05
2.24377191423e-05
-4.10093470251e-05
2.08222398201e-05
-4.64644625411e-05
1.91255326002e-05
-5.24403398643e-05
1.74359706765e-05
-5.92174112512e-05
1.49444952515e-05
-6.58384167889e-05
8.20056477521e-06
-6.9648310935e-05
-6.4312799201e-06
-6.77492823291e-05
-2.68137022879e-05
-6.18009872694e-05
-4.43677694024e-05
-6.47658311964e-05
-6.38601682901e-05
-0.000100150974296
0.000181814095968
0.000115201477836
-3.69900062948e-06
4.92307071708e-05
-7.48600008922e-06
4.30970103592e-05
-1.13352769253e-05
3.8034848279e-05
-1.52883183407e-05
3.43820113265e-05
-1.93606306726e-05
3.21964238461e-05
-2.36060833658e-05
3.08316583678e-05
-2.80549624884e-05
2.97067360847e-05
-3.27044141348e-05
2.85759976088e-05
-3.76163389912e-05
2.73455770558e-05
-4.2815556007e-05
2.60178815878e-05
-4.83155526054e-05
2.46226166701e-05
-5.3976288307e-05
2.30949201925e-05
-5.96798952539e-05
2.06477336244e-05
-6.57328720814e-05
1.42532803484e-05
-7.02125878097e-05
-1.9515339677e-06
-7.13776805128e-05
-2.56491158283e-05
-7.21988052209e-05
-4.354697069e-05
-8.52105498448e-05
-5.08485017951e-05
-0.000152078741115
0.000248681109108
0.000144267942708
-3.83444556781e-06
5.30628809893e-05
-7.6810116759e-06
4.69411484812e-05
-1.16500532241e-05
4.20011985771e-05
-1.57554464856e-05
3.84843900283e-05
-2.00231623462e-05
3.64608174248e-05
-2.4459265491e-05
3.52642172282e-05
-2.90914895654e-05
3.43352297075e-05
-3.39192449474e-05
3.33999466227e-05
-3.89462159377e-05
3.23688248962e-05
-4.41482842736e-05
3.12166245084e-05
-4.94777812152e-05
2.9949404279e-05
-5.48287259882e-05
2.84439277158e-05
-6.00705247994e-05
2.58881743016e-05
-6.53707937526e-05
1.95523987138e-05
-7.11726249256e-05
3.84888127616e-06
-7.7318586509e-05
-1.95040270972e-05
-8.44043394228e-05
-3.64616608916e-05
-0.000100083568234
-3.51693737379e-05
-0.000177955736186
0.000326552679689
0.000168072596959
-3.86103391364e-06
5.69223893853e-05
-7.80713012285e-06
5.08855741528e-05
-1.18909332463e-05
4.60830642463e-05
-1.61281227383e-05
4.27192981395e-05
-2.05354230405e-05
4.08654818339e-05
-2.51239943307e-05
3.98498559338e-05
-2.99056007683e-05
3.91136501898e-05
-3.48915454801e-05
3.83825283913e-05
-4.00442465435e-05
3.75181853634e-05
-4.53525288021e-05
3.65218098812e-05
-5.07076923166e-05
3.53019281769e-05
-5.59914414462e-05
3.37254781419e-05
-6.12686347166e-05
3.11633144734e-05
-6.69487061754e-05
2.52305842894e-05
-7.42726734087e-05
1.11703659025e-05
-8.52610604171e-05
-8.51677633979e-06
-9.72681503898e-05
-2.44550802192e-05
-0.000106886142133
-2.55514974799e-05
-0.000150804855147
0.000370472929666
0.000181782374275
-3.85945239021e-06
6.07809329456e-05
-7.87132015326e-06
5.48963890592e-05
-1.20268724958e-05
5.02373060614e-05
-1.63636479678e-05
4.70544231876e-05
-2.08862716082e-05
4.53860839921e-05
-2.56025178616e-05
4.45637354301e-05
-3.05276302118e-05
4.40360948395e-05
-3.56679508469e-05
4.35199474387e-05
-4.10382652714e-05
4.28855463774e-05
-4.65588920553e-05
4.2039622345e-05
-5.21797428038e-05
4.09202883525e-05
-5.78254552606e-05
3.9368911772e-05
-6.3580156231e-05
3.69156971873e-05
-7.02544222308e-05
3.19026622396e-05
-7.95000206728e-05
2.04127430077e-05
-9.21529191432e-05
4.1343684032e-06
-0.000106368561543
-1.02401297412e-05
-0.000116590227211
-1.53299586539e-05
-0.000115926513407
0.00036980865126
0.000183973550465
-3.86879098621e-06
6.46492351433e-05
-7.88635989131e-06
5.89133241595e-05
-1.2085913904e-05
5.44359937052e-05
-1.64774124394e-05
5.1444747778e-05
-2.1075349348e-05
4.9982499124e-05
-2.5896324069e-05
4.93828456256e-05
-3.09606486077e-05
4.90982496397e-05
-3.62853570274e-05
4.88422465258e-05
-4.18776453107e-05
4.84753351319e-05
-4.77445651538e-05
4.79041244586e-05
-5.38579356192e-05
4.70314836827e-05
-6.02317225698e-05
4.57406148884e-05
-6.69647247196e-05
4.3646518974e-05
-7.47377993001e-05
3.96732461105e-05
-8.52930709798e-05
3.0963978461e-05
-9.93477694325e-05
1.81870595673e-05
-0.000116370588935
6.78167479622e-06
-0.00013099346054
-7.07258535486e-07
-0.000131090031951
0.000369903868087
0.000181931496819
-3.84261304413e-06
6.84915744275e-05
-7.83961253276e-06
6.2909908975e-05
-1.2035446143e-05
5.86312163549e-05
-1.64492978393e-05
5.58577338964e-05
-2.10932200876e-05
5.46252645577e-05
-2.59886871512e-05
5.4276862637e-05
-3.11652067686e-05
5.42730594692e-05
-3.66566288324e-05
5.43317636221e-05
-4.24980060387e-05
5.43147342004e-05
-4.87183777781e-05
5.41225899435e-05
-5.53544742245e-05
5.36658748598e-05
-6.24473340935e-05
5.28317995533e-05
-7.02141325126e-05
5.14114823495e-05
-7.91961861619e-05
4.86529287294e-05
-9.08639873798e-05
4.26278030291e-05
-0.000106438361407
3.3758496095e-05
-0.000125386873847
2.57287652824e-05
-0.000145893411297
1.97990461287e-05
-0.000179656693576
0.000403665976949
0.000179613235042
-3.77418240007e-06
7.22654353714e-05
-7.71383336574e-06
6.68491228807e-05
-1.18736932521e-05
6.27904806689e-05
-1.62687588127e-05
6.02520074834e-05
-2.09161684902e-05
5.92716632519e-05
-2.58412967919e-05
5.92007694387e-05
-3.10830906801e-05
5.95134624987e-05
-3.66943351416e-05
5.99415236103e-05
-4.27343728969e-05
6.03533033971e-05
-4.92690590201e-05
6.06559429843e-05
-5.63796891472e-05
6.07753810151e-05
-6.41588799942e-05
6.06099574655e-05
-7.27468711841e-05
5.99981976149e-05
-8.26564831544e-05
5.85603051802e-05
-9.50814645659e-05
5.50476125262e-05
-0.000110730961806
4.94027371885e-05
-0.000130698622668
4.56924353419e-05
-0.000157501686914
4.66017453751e-05
-0.000218648698922
0.000464810380068
0.000182401388953
-3.6572644555e-06
7.59221697563e-05
-7.50736537898e-06
7.06985844724e-05
-1.15821143051e-05
6.68644704817e-05
-1.59095921244e-05
6.45785898393e-05
-2.05110761286e-05
6.38721167381e-05
-2.54037996185e-05
6.40923569278e-05
-3.064238786e-05
6.47508767651e-05
-3.62929045855e-05
6.55909244018e-05
-4.24300926393e-05
6.64895455319e-05
-4.91440040827e-05
6.73691568331e-05
-5.65409705213e-05
6.81718612225e-05
-6.47107612953e-05
6.87791964452e-05
-7.40370603357e-05
6.93233302047e-05
-8.47852518191e-05
6.93058604639e-05
-9.77760815913e-05
6.80337625028e-05
-0.000113724839424
6.53465483321e-05
-0.000133052567974
6.50154119186e-05
-0.000164400328791
7.79487074411e-05
-0.000257323907598
0.000557722531173
0.000184902916637
-3.49514825959e-06
7.94166529798e-05
-7.20156960289e-06
7.44042279765e-05
-1.114314751e-05
7.08051768282e-05
-1.53485095903e-05
6.87829980234e-05
-1.98389348393e-05
6.83615270882e-05
-2.46313853236e-05
6.8883782065e-05
-2.97907533611e-05
6.99092925797e-05
-3.53776751166e-05
7.11770757158e-05
-4.14703271191e-05
7.25817098458e-05
-4.81779870954e-05
7.40766426702e-05
-5.56238932704e-05
7.56177556043e-05
-6.4022679767e-05
7.71777307509e-05
-7.35972501536e-05
7.88967135339e-05
-8.49136875915e-05
8.06193550613e-05
-9.85073859604e-05
8.16225914679e-05
-0.000114539970994
8.13746159332e-05
-0.000132902279249
8.33725063007e-05
-0.000167292976486
0.000112336817106
-0.000271120768613
0.000661534823598
0.000186618438146
-3.28437276717e-06
8.27000143091e-05
-6.7844371572e-06
7.79031172837e-05
-1.0536103118e-05
7.45555556176e-05
-1.4556132788e-05
7.28016502321e-05
-1.8858958371e-05
7.26629176248e-05
-2.34897005938e-05
7.35131004374e-05
-2.85011588838e-05
7.49194538227e-05
-3.39620828841e-05
7.66369777294e-05
-3.99483839763e-05
7.85674030694e-05
-4.65645594955e-05
8.06926623122e-05
-5.39632427917e-05
8.30165486753e-05
-6.24238467795e-05
8.56381680919e-05
-7.21616667114e-05
8.86332454737e-05
-8.35841855637e-05
9.20385011976e-05
-9.75125077242e-05
9.55451294614e-05
-0.000113760104065
9.76157575732e-05
-0.000130853201778
0.000100462404833
-0.000163951440478
0.000145431771311
-0.000235428966823
0.000732993450556
0.000190082571483
-3.0232409121e-06
8.57224806927e-05
-6.24223865025e-06
8.11212406242e-05
-9.72095751122e-06
7.80333599281e-05
-1.34843799635e-05
7.65641521276e-05
-1.75410872382e-05
7.67187349249e-05
-2.19455766375e-05
7.79167846928e-05
-2.67618134166e-05
7.97350437569e-05
-3.20747578779e-05
8.19495124776e-05
-3.79713848881e-05
8.44639096356e-05
-4.45483527439e-05
8.72697688153e-05
-5.19514825127e-05
9.04199069884e-05
-6.0348456593e-05
9.40351289034e-05
-6.98943484627e-05
9.81784923759e-05
-8.12989462689e-05
0.000103441512224
-9.54521200464e-05
0.000109696046843
-0.000111938871554
0.000114100637303
-0.00012859932887
0.000117122239747
-0.000152529500728
0.000169359699761
4.69189591708e-05
0.000533533291223
0.00034307322616
-2.68423655758e-06
8.84058570642e-05
-5.57074458518e-06
8.40068095716e-05
-8.72136527728e-06
8.11830240239e-05
-1.21520733709e-05
7.99939219454e-05
-1.58942829218e-05
8.04600603497e-05
-1.99914699852e-05
8.20131925328e-05
-2.45154779546e-05
8.42584416606e-05
-2.9568976167e-05
8.70026312046e-05
-3.52323423983e-05
9.01271570604e-05
-4.16242451354e-05
9.366176669e-05
-4.88615821873e-05
9.76573988088e-05
-5.70525352423e-05
0.000102226036879
-6.65559967398e-05
0.000107681448156
-7.77581298647e-05
0.000114642533455
-9.1813426619e-05
0.000123749884202
-0.000109160341134
0.000131446412416
-0.00012727137733
0.000135232894154
-0.000138220492816
0.00018030723926
0.000158027393373
0.00023727898751
0.000408813471663
-2.27313044536e-06
9.06780857404e-05
-4.76467274774e-06
8.64973907077e-05
-7.51988275917e-06
8.39372692628e-05
-1.0567726536e-05
8.30408314533e-05
-1.3933363118e-05
8.3824820668e-05
-1.76287909941e-05
8.5707843263e-05
-2.17363068834e-05
8.83653327103e-05
-2.63269450445e-05
9.15928433846e-05
-3.15857402523e-05
9.53857441368e-05
-3.75993194234e-05
9.96753049115e-05
-4.45159190689e-05
0.000104573997232
-5.24412231933e-05
0.000110151179838
-6.16070097812e-05
0.000116846740662
-7.25518125665e-05
0.000125586445655
-8.6376818307e-05
0.000137573825353
-0.000104299187724
0.000149367969197
-0.000124903907779
0.000155837339344
-0.000131651361449
0.000187053404639
-5.10817365067e-05
0.000156705932804
0.000261065197154
-1.80358616498e-06
9.24807910152e-05
-3.84640949422e-06
8.85392813209e-05
-6.15863503645e-06
8.62485573819e-05
-8.75240592227e-06
8.56336989168e-05
-1.16630907981e-05
8.67346503196e-05
-1.49010364661e-05
8.89450033067e-05
-1.85319342312e-05
9.19955511432e-05
-2.2651479685e-05
9.57118482997e-05
-2.73634895081e-05
0.000100097366701
-3.28581862521e-05
0.000105169725401
-3.92161311853e-05
0.000110931683392
-4.66680284408e-05
0.000117602691358
-5.55269194414e-05
0.000125705003483
-6.6225746527e-05
0.000136284371991
-7.93972429222e-05
0.000150744348532
-9.71434220981e-05
0.000167113409294
-0.000119151792729
0.000177845459851
-0.000125257597381
0.000193158073366
-0.000118684261298
0.000150130558031
0.00012588703195
-1.27299891249e-06
9.37529641432e-05
-2.83081173451e-06
9.00962056355e-05
-4.64114536988e-06
8.80579980087e-05
-6.73723310813e-06
8.77288909019e-05
-9.09299146266e-06
8.90895213205e-05
-1.17935768138e-05
9.16446923194e-05
-1.48811230121e-05
9.508221697e-05
-1.8444324573e-05
9.92741895636e-05
-2.25766369162e-05
0.000104228876029
-2.73862251364e-05
0.000109978527881
-3.30914275272e-05
0.000116636141231
-3.98141326563e-05
0.00012432437095
-4.78826034275e-05
0.000133772239868
-5.77250900583e-05
0.000146125423706
-6.99239176182e-05
0.000162941763508
-8.60245467116e-05
0.0001832129497
-0.000105487152205
0.000197307635688
-0.000113354906082
0.000201025712988
-0.00012639074036
0.000163162824857
3.90635743854e-05
-7.34465747915e-07
9.44866400219e-05
-1.73254954837e-06
9.10934274838e-05
-2.99621572415e-06
8.93207177495e-05
-4.51738412349e-06
8.9249089075e-05
-6.2821133536e-06
9.0853196452e-05
-8.34891655662e-06
9.37103715781e-05
-1.07690148953e-05
9.75010180606e-05
-1.36199675742e-05
0.000102123807873
-1.6989036154e-05
0.000107596457991
-2.10302420461e-05
0.000114018376881
-2.58311254831e-05
0.000121434851629
-3.17020889918e-05
0.000130193206115
-3.87916846809e-05
0.000140859488051
-4.73793702958e-05
0.000154710864532
-5.74190914235e-05
0.000172979181623
-7.01903550672e-05
0.000195982724128
-8.51265090075e-05
0.000212243240041
-9.74522740176e-05
0.000213350435617
-0.000111334795123
0.000177038958599
-4.04277425221e-06
-1.54759138113e-07
9.46405768415e-05
-5.55484292574e-07
9.14931128675e-05
-1.21291897514e-06
8.99771363366e-05
-2.09825870917e-06
9.01334154248e-05
-3.21297200569e-06
9.1966848887e-05
-4.56980712126e-06
9.50659046742e-05
-6.23054884153e-06
9.91603244688e-05
-8.28511255467e-06
0.000104176642601
-1.07843356778e-05
0.000110093952022
-1.38552183228e-05
0.000117086474162
-1.76557917531e-05
0.000125232880111
-2.23436132553e-05
0.000134877395317
-2.81346693646e-05
0.000146647595982
-3.49143006883e-05
0.000161487341912
-4.22243909737e-05
0.000180286685496
-5.10959269826e-05
0.000204852371395
-6.15579922147e-05
0.000222704636068
-7.73491947681e-05
0.000229139334286
-9.24663193115e-05
0.000192147906573
-1.26081422502e-05
4.91459526561e-07
9.41480170902e-05
7.13327658831e-07
9.12703936064e-05
7.2390890054e-07
8.9965734335e-05
5.16964529685e-07
9.03385297491e-05
1.22002503759e-07
9.2360320747e-05
-4.74749778837e-07
9.56609458825e-05
-1.31269039383e-06
9.99961738426e-05
-2.43287630914e-06
0.000105294516023
-3.97971705253e-06
0.000111637838225
-5.96413230858e-06
0.000119067926131
-8.53736525792e-06
0.000127801024341
-1.18645918676e-05
0.000138198383337
-1.59493848584e-05
0.00015072749515
-2.05092092715e-05
0.000166042721339
-2.54670241123e-05
0.000185240203829
-3.05357093899e-05
0.000209918083195
-3.66608963056e-05
0.000228828629545
-5.46274176911e-05
0.000247103358918
-7.15863453723e-05
0.000209094687447
-4.5458680812e-06
1.11490831877e-06
9.30322380069e-05
2.06069451219e-06
9.03232015169e-05
2.76358626664e-06
8.92618775158e-05
3.29562071919e-06
8.98059165154e-05
3.67457485357e-06
9.19806254576e-05
3.89931164264e-06
9.54352939714e-05
3.94155972498e-06
9.99528143392e-05
3.76034604612e-06
0.000105474475014
3.31565357688e-06
0.000112081029102
2.51611847221e-06
0.000119865364191
1.28499613742e-06
0.000129028203577
-4.50147888224e-07
0.000139928001427
-2.67341787422e-06
0.000152945070348
-5.31688352887e-06
0.000168683042083
-8.10347951025e-06
0.000188024008899
-1.00538550851e-05
0.000211866612941
-1.26787136069e-05
0.000231452878699
-2.94629094399e-05
0.000263884784176
-4.49479578367e-05
0.000224573351144
7.8393787981e-06
1.84183403578e-06
9.1191150402e-05
3.44375842448e-06
8.87205491379e-05
4.87760406039e-06
8.78277561618e-05
6.18084417797e-06
8.85022223144e-05
7.35668496685e-06
9.08041541199e-05
8.46282249281e-06
9.43283646199e-05
9.4430274171e-06
9.8971672179e-05
1.02757655213e-05
0.000104640704155
1.09583671983e-05
0.000111397303385
1.14366180463e-05
0.000119384474084
1.16723531058e-05
0.000128789831071
1.16647456397e-05
0.000139931771599
1.13438981777e-05
0.000153261172482
1.05505706722e-05
0.000169473298933
8.85531315325e-06
0.000189716508312
7.85841655626e-06
0.000212861699383
4.88485155175e-06
0.000234425866954
-5.17231433572e-06
0.000273941143826
-1.42982757493e-05
0.000233691048193
1.69349256583e-05
2.53821545408e-06
8.86527989357e-05
4.88287869552e-06
8.63765311543e-05
7.0917626039e-06
8.56186402197e-05
9.1466588002e-06
8.64469072835e-05
1.11543521078e-05
8.87958813132e-05
1.3105896957e-05
9.23761264597e-05
1.50406361345e-05
9.70361639731e-05
1.69595089098e-05
0.000102721057229
1.88537483867e-05
0.000109502013371
2.06921636341e-05
0.00011754443393
2.25329810613e-05
0.000126946590457
2.4316415225e-05
0.000138143190646
2.6153983494e-05
0.000151420938313
2.80024680169e-05
0.000167621994969
3.00511604044e-05
0.000187665208016
2.95394368632e-05
0.000213371722605
2.99529982266e-05
0.000234011738455
2.49011977023e-05
0.000278992882073
1.93561353826e-05
0.000239227265277
2.70505981496e-05
3.2663944881e-06
8.53871431051e-05
6.32742380298e-06
8.33153853691e-05
9.23321940637e-06
8.27125450419e-05
1.20814751295e-05
8.3598198793e-05
1.49326264146e-05
8.59441745455e-05
1.78004765171e-05
8.95076803532e-05
2.0721073411e-05
9.41150031445e-05
2.37061683262e-05
9.9735493174e-05
2.67943917869e-05
0.000106413191768
3.00915377195e-05
0.000114246981062
3.35170859908e-05
0.0001235203281
3.71188984433e-05
0.000134539330934
4.13346187802e-05
0.000147203209323
4.58098484672e-05
0.000163144379812
5.04156314324e-05
0.000183057114738
5.35016218204e-05
0.000210284230544
5.6098975086e-05
0.000231413898569
5.74246257932e-05
0.000277665523701
5.21229248816e-05
0.000244522029909
4.88135501751e-05
3.97562025287e-06
8.14113934768e-05
7.75518992636e-06
7.9535524217e-05
1.14168334293e-05
7.90504749252e-05
1.50486012196e-05
7.99659155798e-05
1.87014127193e-05
8.22908213561e-05
2.2447895059e-05
8.57607168943e-05
2.63317348542e-05
9.0230831055e-05
3.04134703644e-05
9.56536559614e-05
3.47205239376e-05
0.000102107226966
3.9289628616e-05
0.000109678950963
4.42620089389e-05
0.000118548396504
4.98570901525e-05
0.000128943986195
5.58539458076e-05
0.000141205081665
6.31173780938e-05
0.000155879129127
7.16135820899e-05
0.000174559032118
8.05059779417e-05
0.000201390586734
8.6324255087e-05
0.0002255952123
9.18329729409e-05
0.000272155056081
8.80715569416e-05
0.000248275907436
9.54268468584e-05
4.67213290453e-06
7.67389106919e-05
9.13721922346e-06
7.50699614202e-05
1.35041737565e-05
7.46829656773e-05
1.78960409578e-05
7.55734724858e-05
2.2369276997e-05
7.78170708656e-05
2.69917113191e-05
8.11379379495e-05
3.18491182985e-05
8.53733658813e-05
3.69078833352e-05
9.05961154625e-05
4.23018949802e-05
9.67151770951e-05
4.82131642707e-05
0.000103770385297
5.46612431977e-05
0.000112102752066
6.16764333344e-05
0.000121929169026
6.97225660102e-05
0.000133158445521
7.89327316187e-05
0.000146667796716
9.02763488712e-05
0.000163214022492
0.000100791067155
0.000190874897854
0.00011197080377
0.000214415144238
0.000121083934122
0.000263041399759
0.000130110367904
0.000239241001173
0.000134398132956
5.32319752456e-06
7.14151848355e-05
1.04860520667e-05
6.9906483491e-05
1.56030732167e-05
6.95652896227e-05
2.06765761412e-05
7.04993551374e-05
2.59056716794e-05
7.25875071698e-05
3.13918232269e-05
7.56515960677e-05
3.70794000657e-05
7.96862886532e-05
4.3162135832e-05
8.45152559437e-05
4.96847366038e-05
9.01960826326e-05
5.66907913167e-05
9.67696958888e-05
6.43354119586e-05
0.000104460510546
7.31308998818e-05
0.000113134976621
8.2299853868e-05
0.000123989792693
9.31792422454e-05
0.000135787916411
0.000104812939436
0.000151579433968
0.000120154165878
0.000175533005194
0.00013655819282
0.000198010877743
0.000154244472866
0.00024535519945
0.000178095193353
0.000215382733649
7.86972427011e-05
5.98850119067e-06
6.54260339335e-05
1.17442041337e-05
6.41500577058e-05
1.74448496833e-05
6.38639235998e-05
2.32336950806e-05
6.47098805523e-05
2.92618125041e-05
6.65589780595e-05
3.54115593194e-05
6.95018262418e-05
4.1961947856e-05
7.31368458712e-05
4.89761568526e-05
7.75032407792e-05
5.64928214591e-05
8.26834353334e-05
6.45677675178e-05
8.87009282309e-05
7.35589103837e-05
9.54730488973e-05
8.33359946932e-05
0.000103360148808
9.45416494395e-05
0.000112785233098
0.000106570836854
0.000123758885208
0.000120733209846
0.000137416695405
0.000138567618376
0.00015769824385
0.000157836933611
0.000178741427031
0.000181270393605
0.000221921491313
0.000180467057255
0.000216178000491
0.000243724919183
6.45665793818e-06
5.89686524291e-05
1.28961667826e-05
5.77097651266e-05
1.92257858511e-05
5.75335452701e-05
2.56957616759e-05
5.82392710247e-05
3.22352782351e-05
6.00191067795e-05
3.91466480567e-05
6.25905707195e-05
4.64403241019e-05
6.58440368312e-05
5.43074859818e-05
6.96385225844e-05
6.26882801001e-05
7.43073263293e-05
7.18481446686e-05
7.95486919243e-05
8.18765718031e-05
8.54519942405e-05
9.29029253234e-05
9.23368101333e-05
0.000105315542869
0.000100374375987
0.0001195302166
0.000109544975302
0.000135794485698
0.00012115255781
0.000152930865088
0.000140561820194
0.000172616022725
0.000159056230079
0.000196581367594
0.000197955864452
0.000148680318454
0.000264071840608
0.000528281587364
7.0516887087e-06
5.19161969007e-05
1.38999392064e-05
5.08606915231e-05
2.08041100591e-05
5.06285822787e-05
2.77743782591e-05
5.12683506567e-05
3.49878839086e-05
5.28052518804e-05
4.25329306459e-05
5.504568806e-05
5.05219939183e-05
5.78558836322e-05
5.89190057533e-05
6.12440032185e-05
6.80628503776e-05
6.51681130868e-05
7.80731944437e-05
6.95439794721e-05
8.88096632539e-05
7.47232463318e-05
0.000100903860832
8.02460837457e-05
0.000114286778871
8.69937313853e-05
0.000129711297495
9.4121723775e-05
0.000146849781145
0.000104014657068
0.000163690549342
0.000123721281842
0.00018220867481
0.000140538156672
0.000206755590678
0.00017340848249
0.00013953414991
0.000331288365283
0.000984449393002
7.47437360604e-06
4.44410271089e-05
1.48065704305e-05
4.35276345547e-05
2.21875103719e-05
4.32468009509e-05
2.96937394446e-05
4.37614084578e-05
3.74484900308e-05
4.50500829294e-05
4.55528099863e-05
4.6941455204e-05
5.40643271021e-05
4.93451870835e-05
6.30999524953e-05
5.22107349592e-05
7.29215699737e-05
5.53509153752e-05
8.34641280689e-05
5.9007166645e-05
9.50113472993e-05
6.31835924414e-05
0.000107401823852
6.78592257284e-05
0.000121237866221
7.31602542108e-05
0.000136658174385
7.87030687644e-05
0.000153883944025
8.67898228424e-05
0.000171735177257
0.000105870507603
0.000191093199131
0.000121180252099
0.000219217456
0.000145284053695
0.000406553251634
0.000143947971855
0.000290148136473
7.81160946701e-06
3.66285926088e-05
1.55876165281e-05
3.57507192842e-05
2.34342215526e-05
3.53992779796e-05
3.14177674498e-05
3.57770375772e-05
3.96580963028e-05
3.68091848829e-05
4.82812084457e-05
3.83182331634e-05
5.73008277618e-05
4.03261370393e-05
6.69391672138e-05
4.25743984119e-05
7.71649414312e-05
4.51299753096e-05
8.81050672166e-05
4.80717192815e-05
0.000100013006539
5.12831712127e-05
0.000112632357792
5.52434266017e-05
0.0001266251102
5.91701953392e-05
0.000142118937854
6.3211113278e-05
0.000159432602079
6.94773496643e-05
0.000178895544698
8.64081661553e-05
0.000202281998498
9.77939625256e-05
0.000233735923917
0.000113829104566
0.000443123336988
-6.54421707238e-05
-0.000806328642161
8.08712163505e-06
2.85406074448e-05
1.63883506202e-05
2.74485181956e-05
2.47445700123e-05
2.70420395018e-05
3.32108272133e-05
2.73098093669e-05
4.18558674877e-05
2.81633738259e-05
5.08214195071e-05
2.93523015712e-05
6.02886085509e-05
3.08591585622e-05
7.03023319957e-05
3.25630748288e-05
8.09578573775e-05
3.44776785579e-05
9.23769312436e-05
3.66572715208e-05
0.000104532033489
3.91339480736e-05
0.000117577607791
4.22011122865e-05
0.000131196378766
4.55540539219e-05
0.000145679606396
4.87298618307e-05
0.000162402089479
5.27561621497e-05
0.00018683627848
6.19746503771e-05
0.000214585839206
7.00445838693e-05
0.00024277940252
8.56351380359e-05
0.000161619037345
1.57158423276e-05
-0.000226980079457
8.59897221612e-06
1.99406618156e-05
1.73006965831e-05
1.87457276882e-05
2.60457043376e-05
1.82958976103e-05
3.48874001318e-05
1.84669902126e-05
4.3978873325e-05
1.90709315438e-05
5.33871949473e-05
1.99433428282e-05
6.32907438479e-05
2.09557742266e-05
7.38282800681e-05
2.20270053388e-05
8.49740600016e-05
2.33349002486e-05
9.68019149118e-05
2.48357846016e-05
0.000109106468369
2.68325205679e-05
0.000122366557856
2.89439397701e-05
0.000136362149739
3.15609722965e-05
0.00015123372739
3.38602157443e-05
0.000169047454688
3.49437342055e-05
0.000195842905384
3.51798688427e-05
0.000224991531311
4.08961356938e-05
0.000249412097979
6.12138531054e-05
0.000201671142152
6.3455789176e-05
0.000221973614608
9.28600650849e-06
1.06535865621e-05
1.8538001229e-05
9.49258121658e-06
2.76096184871e-05
9.2230550699e-06
3.67777594534e-05
9.29762868409e-06
4.62163506704e-05
9.6312687368e-06
5.60011084332e-05
1.01578376756e-05
6.63447510903e-05
1.06121535059e-05
7.72683059618e-05
1.11048341923e-05
8.86530222142e-05
1.19521573989e-05
0.000100812902126
1.26795425274e-05
0.00011384873447
1.37994960914e-05
0.000128061267096
1.47341226093e-05
0.000143571099873
1.60534874418e-05
0.000159638451249
1.77947051311e-05
0.000178600847417
1.59825825657e-05
0.000203846939869
9.93442268208e-06
0.000229466712041
1.52765341267e-05
0.000248859425322
4.18213526304e-05
0.000128473057105
0.000183839871769
0.000507076129595
1.06530162926e-05
2.01449833836e-05
2.93674022901e-05
3.86644319131e-05
4.82952263438e-05
5.84527940804e-05
6.90653998464e-05
8.01709365924e-05
9.21243642561e-05
0.000104805960794
0.00011860683317
0.000133342208068
0.000149396739572
0.000167192209467
0.000183175265897
0.000193109864172
0.000208386397608
0.00025020754219
0.000434047266558
)
;

boundaryField
{
    back
    {
        type            calculated;
        value           uniform 0;
    }
    sides
    {
        type            calculated;
        value           uniform 0;
    }
    bottom
    {
        type            calculated;
        value           uniform 0;
    }
    front
    {
        type            calculated;
        value           uniform 0;
    }
    atmosphere
    {
        type            calculated;
        value           nonuniform List<scalar> 
100
(
0.000959307281312
-0.000130206496184
-0.000196454509511
-0.000306913285075
0.000802774642509
0.00154889929828
-0.000247820562187
-0.000187894565013
-7.42333082934e-06
0.000289218555599
0.000113178838953
5.89556066427e-05
3.27145055159e-05
-3.72685799e-06
-3.93898883252e-05
-7.15396810756e-05
-9.3337007614e-05
-8.69960079096e-05
-4.49408543557e-05
-1.46681809989e-05
1.52457102582e-05
6.71453512428e-05
8.27443525095e-05
-7.32140998661e-05
-0.00022074531789
-0.000271150171292
-0.000263353751908
-0.000216841088827
-0.000149975955737
-0.000113072300428
-0.000116934281727
-0.000147385528579
-0.000186634056769
-0.000216402260682
-0.000212853358942
-0.000167209697427
-0.000110793196815
-0.000102457825055
-0.000100061595868
-9.24375665484e-05
-9.85821249253e-05
-0.000135525049246
-0.000122700551722
-0.000281648378433
-0.000226456382539
0.00133263748475
-9.29690129112e-05
-0.000328012263219
-0.000429090460416
-0.000876682733774
0.00296132587081
-0.00102591063119
-4.28424714841e-05
1.06339981816e-05
6.62488594228e-05
6.28693794839e-05
-5.67206777554e-06
-1.84538267069e-05
-9.15092569403e-05
-0.000161850920482
-0.000162454043828
-0.00015217359371
-0.000129258068165
-9.61011968775e-05
-0.000117033643378
-0.000137171838327
-0.000181144489344
-0.000201760423993
-0.000164516633285
-0.000118118135321
-0.000129048324576
-0.000177340670711
-0.000221452686702
-0.000259849274754
-0.000272862833328
-0.000238929886511
-0.0001060764894
9.22837402253e-05
9.66643987413e-05
1.64918099776e-05
-3.95704423407e-05
-6.8233609404e-05
-8.39066280929e-05
-7.96583275838e-05
-5.73375080031e-05
-2.33980138363e-05
9.2364184137e-06
3.03562350092e-05
4.14549727051e-05
9.11350029806e-05
0.000233789229997
1.5436353062e-05
-0.000135877867205
-0.000316635887705
0.00110085285608
0.00153959866335
-0.00041773062959
-0.000247283517131
-0.000156629634717
0.00094112308091
)
;
    }
    floatingObject
    {
        type            calculated;
        value           uniform 0;
    }
}


// ************************************************************************* //
