/*--------------------------------*- C++ -*----------------------------------*\
| =========                 |                                                 |
| \\      /  F ield         | OpenFOAM: The Open Source CFD Toolbox           |
|  \\    /   O peration     | Version:  v2012                                 |
|   \\  /    A nd           | Website:  www.openfoam.com                      |
|    \\/     M anipulation  |                                                 |
\*---------------------------------------------------------------------------*/
FoamFile
{
    version     2.0;
    format      ascii;
    class       volScalarField;
    location    "1.6";
    object      p;
}
// * * * * * * * * * * * * * * * * * * * * * * * * * * * * * * * * * * * * * //

dimensions      [1 -1 -2 0 0 0 0];


internalField   nonuniform List<scalar> 
1984
(
8224.92844139
7734.08861464
7242.68557392
6749.91008075
6256.17452513
5761.359323
5265.4293973
4768.33781119
4270.02719202
3770.42875897
3269.45821967
2767.01160583
2262.95881226
1757.18513057
1249.52130905
749.288413277
260.491058753
18.6180536137
-9.01680863702
-9.54375318585
8226.14903959
7735.33066084
7243.93560725
6751.27406239
6257.59799161
5762.8525109
5266.99405165
4769.9749514
4271.7394375
3772.22261293
3271.34864805
2769.03491582
2265.20203001
1759.74008719
1252.71211415
747.762945137
264.077952939
21.3756141494
-9.0222188516
-9.55669689599
8227.84915702
7737.08322376
7245.72345152
6753.12540532
6259.49781403
5764.81654607
5269.04373627
4772.13351503
4274.03224504
3774.67767297
3273.99703886
2771.90577749
2268.31414695
1763.13594673
1256.4942216
750.937766208
266.663723961
21.7579645951
-9.04325053189
-9.54946597474
8230.91240109
7740.11084394
7248.77049978
6756.24084136
6262.70422145
5768.13669604
5272.50283848
4775.75917999
4277.85439312
3778.7290125
3278.31285803
2776.52466284
2273.27904725
1768.49761162
1262.27297273
757.159691617
272.315930984
23.5692411243
-9.02826863691
-9.55506637505
8234.88285148
7744.1000299
7252.81171833
6760.36696894
6266.94741207
5772.5288642
5277.07751828
4780.55218848
4282.90422196
3784.07701634
3284.00403103
2782.60696444
2279.80257665
1775.51155849
1269.79669979
765.545423648
279.278243549
25.6965740228
-9.0314020506
-9.55440474976
8239.78098909
7749.03007839
7257.80681031
6765.46657658
6272.19002843
5777.95383033
5282.72608532
4786.46815827
4289.13442767
3790.67170785
3291.01714382
2790.09612953
2287.82775378
1784.1326152
1279.0505108
775.917932787
287.877769785
28.4227886004
-9.03358019961
-9.55473283882
8245.5742979
7754.86848088
7263.71918678
6771.50214528
6278.39321741
5784.37065421
5289.40492464
4793.46035263
4296.4947885
3798.45899439
3299.29453134
2798.93131819
2297.29218823
1794.30052094
1289.97672706
788.108941386
298.191538751
31.7988260176
-9.0368834235
-9.55495860349
8252.22421993
7761.57456615
7270.50724796
6778.43053634
6285.51200252
5791.73198517
5297.06376442
4801.4750819
4304.92774358
3807.37701184
3308.7696797
2809.04122693
2308.12008902
1805.93559766
1302.4944346
801.949225021
310.290933113
35.8941745614
-9.04105264928
-9.55529534913
8259.68583552
7769.10106289
7278.12320303
6786.20218034
6293.49458265
5799.98324786
5305.64470297
4810.45059472
4314.36724215
3817.35499529
3319.36635465
2820.34310793
2320.2203909
1818.93507412
1316.48652259
817.212323431
324.171022168
40.761490494
-9.04567841771
-9.55572412442
8267.90875226
7777.39537682
7286.51389482
6794.76190734
6302.2831906
5809.06346468
5315.08293901
4820.31767772
4324.73907569
3828.31311367
3330.9985155
2832.7439516
2333.49049275
1833.180411
1331.80425423
833.542002616
339.464079267
46.4743548098
-9.04978048924
-9.5561139461
8276.83805106
7786.400598
7295.62170908
6804.04985437
6311.81502222
5818.90618129
5325.30767117
4831.00052605
4335.96186967
3840.16402754
3343.57261703
2846.14352878
2347.82310502
1848.55518672
1348.31392428
850.630493296
355.870279904
53.1455309106
-9.05265831364
-9.55623630258
8286.41505698
7796.05625552
7305.38528004
6814.002174
6322.02295037
5829.44016868
5336.24275325
4842.41731242
4347.94748439
3852.81291429
3356.98727637
2860.4348885
2363.10870291
1864.95461497
1365.9334526
868.536243404
373.80220087
60.7869966024
-9.05501316765
-9.55696187279
8296.57814096
7806.29910239
7315.74023932
6824.55179378
6332.83629095
5840.59017279
5347.80738157
4854.48072624
4360.60125866
3866.15723949
3371.1321802
2875.50137914
2379.22839161
1882.2669693
1384.57675937
887.529110849
393.424714468
69.454377004
-9.05633392362
-9.55951042444
8307.26360341
7817.06401378
7326.62009109
6835.62932658
6344.18174611
5852.27787365
5359.91702276
4867.09876961
4373.82249528
3880.08651945
3385.88648292
2891.21226631
2396.04424986
1900.35371886
1404.11141976
907.946630346
414.893218517
79.1907510037
-9.05703356759
-9.56431090298
8318.40662446
7828.28494141
7337.95718644
6847.16411147
6355.98452196
5864.42307879
5372.48465181
4880.17597522
4387.50548417
3894.4828783
3401.11811102
2907.41961624
2413.39195957
1919.04095568
1424.40784668
929.705379895
438.042272958
90.0302133107
-9.06077499109
-9.57220658906
8329.94224549
7839.89589143
7349.68376803
6859.08535551
6368.16959219
5876.94513399
5385.42237231
4893.61523589
4401.54149623
3909.22290378
3416.68532032
2923.95793242
2431.07244241
1938.06494343
1445.00120693
951.967503802
461.373032575
101.984703608
-9.06799884716
-9.57483037713
8341.80634591
7851.83189507
7361.7330478
6871.3233279
6380.66308291
5889.76462534
5398.64344089
4907.32021418
4415.82167146
3924.1815487
3432.44157204
2940.65295756
2448.87842761
1957.19615793
1465.69079601
974.488239351
485.440066747
114.988318732
-9.04738386162
-9.57881701318
8353.93657463
7864.02993538
7374.04026153
6883.81059875
6393.39378951
5902.8051191
5412.06444787
4921.19836945
4430.24134515
3939.23749339
3448.24266077
2957.32729641
2466.58101365
1976.11993827
1486.08145993
996.71115999
509.326987623
128.788700188
-8.75753416551
-9.59525410678
8366.27319976
7876.42980522
7386.54368808
6896.48321191
6406.29447677
5915.99496226
5425.60781149
4935.1639613
4444.70382045
3954.27945272
3463.95730273
2973.82149365
2483.9774711
1994.55084876
1505.66032903
1017.82077151
531.681361673
142.983173014
-6.59997275414
-9.57632627668
8378.75977205
7888.9748289
7399.18549714
6909.28167211
6419.30326965
5929.26895941
5439.20368668
4949.14097546
4459.12483348
3969.21230126
3479.47677407
2990.01235545
2500.94028668
2012.41936001
1524.67299578
1037.78725841
552.74635768
156.52714979
-4.33295250077
-9.56996307889
8391.34376956
7901.61243647
7411.91237803
6922.15175928
6432.36455739
5942.56946364
5452.79165849
4963.06516294
4473.43485283
3983.95923174
3494.71411297
3005.79736641
2517.33515173
2029.48696273
1542.4397773
1056.34550031
572.167981195
169.355560136
-1.92474560296
-9.57396294076
8403.97684035
7914.2944662
7424.67594343
6935.04493572
6445.42954534
5955.84725663
5466.32181091
4976.88546509
4487.58097838
3998.46444635
3509.60915671
3021.11057112
2533.09248973
2045.70783749
1559.10521541
1073.33935584
589.830607257
181.187131483
0.509671242765
-9.58695667524
8416.61487179
7926.97722218
7437.43279951
6947.91849988
6458.45650421
5969.06186189
5479.75520876
4990.56474594
4501.52802226
4012.69463457
3524.13010321
3035.92139078
2548.18595205
2061.08228079
1574.8127197
1089.75101782
605.854653393
191.640348534
2.7710735457
-9.60180287811
8429.21781925
7939.62127208
7450.1443549
6960.73539609
6471.41054708
5982.18131407
5493.06371199
5004.07973564
4515.25870829
4026.6395324
3538.27405149
3050.2319404
2562.60998599
2075.54299905
1589.1785623
1103.70878704
619.673568908
200.308264639
4.6433849277
-9.614782426
8441.74927249
7952.1910053
7462.77631838
6973.46363312
6484.26291229
5995.18130726
5506.22900516
5017.42001707
4528.7728267
4040.31185868
3552.06976528
3064.09055614
2576.4374297
2089.20661465
1602.48327041
1116.35310738
631.504161836
207.079897888
6.0006394093
-9.62260295159
8454.17604002
7964.6541018
7475.29801693
6986.07533677
6496.98975446
6008.04369586
5519.24076731
5030.58581812
4542.08467352
4053.74449715
3565.57454329
3077.58670933
2589.79987498
2102.25729561
1614.96463024
1127.8604218
641.5734124
212.143853781
6.86590748103
-9.62414450945
8466.46626079
7976.98005638
7487.68107006
6998.54522411
6509.57041648
6020.75436437
5532.09396732
5043.58455403
4555.21862525
4066.9849183
3578.86703697
3090.84127065
2602.87531791
2114.94511513
1626.95503711
1138.67837787
650.481803454
216.04639797
7.34382374619
-9.62166152159
8478.59016041
7989.13864628
7499.89800004
7010.84897922
6521.98543636
6033.30073316
5544.78556656
5056.42636221
4568.20311583
4080.08695752
3592.0366399
3103.99327005
2615.87304554
2127.57644282
1638.90560817
1149.48329234
659.11557613
219.47063031
7.6490492904
-9.61764267983
8490.51817406
8001.10159834
7511.92159097
7022.96242623
6534.21500281
6045.66930439
5557.31098545
5069.11920495
4581.06370028
4093.10118116
3605.16967059
3117.18033976
2629.00523523
2140.4753198
1651.30701076
1160.98137108
668.821538886
223.559530525
8.16694589029
-9.61545646826
8502.22016048
8012.839992
7523.72403577
7034.85987693
6546.23695519
6057.8430035
5569.66037572
5081.66352035
4593.81552945
4106.06377099
3618.33283658
3130.51448279
2642.45190174
2153.92848168
1664.61724159
1173.90349924
680.832877794
230.103057932
9.55248027424
-9.63115609998
8513.66445007
8024.32300372
7535.27509436
7046.51271517
6558.02498506
6069.79871193
5581.81531119
5094.04769924
4606.45657486
4118.98650053
3631.55849689
3144.05919116
2656.32528541
2168.12621077
1679.14182006
1188.77749363
695.955968004
240.120276609
12.0938873814
-9.69840876389
8524.81655441
8035.5183139
7546.54170218
7057.8885713
6569.54732931
6081.5056331
5593.74654391
5106.24502676
4618.96302544
4131.84989111
3644.83367038
3157.8115964
2670.63825107
2183.10536354
1694.94327744
1205.70258462
714.215529907
252.991011425
15.2580026577
-9.88796968061
8535.63956111
8046.39174813
7557.4883109
7068.95088573
6580.76636548
6092.9246686
5605.41289368
5118.21290145
4631.28771045
4144.59984521
3658.09453419
3171.69240952
2685.28886813
2198.74117292
1711.8387202
1224.46378066
735.138559815
267.736820641
18.2544806259
-10.3838897502
8546.09217247
8056.91308283
7568.07380973
7079.65863748
6591.63922292
6104.00899259
5616.76044471
5129.89611771
4643.36186267
4157.15017066
3671.23129454
3185.55458814
2700.05338668
2214.77778182
1729.44525084
1244.91542966
759.229902812
283.745218489
18.4096825819
-11.6860334901
8556.12091207
8067.07193524
7578.24517565
7089.96524874
6602.11966695
6114.70698203
5627.7165532
5141.23891192
4655.09908688
4169.38845588
3684.10053459
3199.21743648
2714.55698411
2230.6766079
1746.91750557
1264.92817557
782.187367076
304.229399435
16.6235944386
-14.9481603744
8565.7403921
8076.71842326
7587.99807722
7099.8381871
6612.16658713
6124.981712
5638.28616324
5152.09773872
4666.38542356
4181.18039757
3696.5325191
3212.60805337
2728.2966784
2246.0084564
1763.62635741
1284.9818039
809.965993442
349.402568865
-26.3789148804
-36.8358852996
8574.86947357
8085.88655045
7597.25923641
7109.22364376
6621.72420757
6134.76155645
5648.34042389
5162.46889417
4677.14737425
4192.39271435
3708.22831711
3224.6713306
2741.55603243
2260.84509902
1776.45868383
1298.13727969
816.64908884
339.412829935
39.3739514817
-16.0181263858
8583.46793737
8094.53169669
7605.98738955
7118.0739867
6630.74176459
6143.99352262
5657.8356843
5172.27636545
4687.32256389
4202.98576801
3719.27972645
3236.21605551
2753.78821209
2272.37140376
1789.89861385
1310.13360149
826.38924368
340.691933119
38.3108955358
-16.1043472724
8591.49675208
8102.60914781
7614.14040497
7126.34357843
6639.17091034
6152.62741227
5666.72153847
5181.46262933
4696.85877506
4212.91829776
3729.65005869
3247.06362327
2765.16849204
2284.02508983
1803.2084555
1324.53421432
841.217418241
370.143024662
41.2144086737
-21.2277225938
8598.91788376
8110.07750774
7621.6766922
7133.98812736
6646.96467798
6160.6139961
5674.94724424
5189.97551373
4705.70657157
4222.14579888
3739.2985149
3257.17436314
2775.79623062
2295.23472014
1815.56921977
1339.60264221
854.445469864
413.540843773
-79.3438610346
-59.5396699023
8605.69527859
8116.89837248
7628.55645317
7140.96489695
6654.07704755
6167.90422052
5682.4616741
5197.76348279
4713.8163633
4230.62122991
3748.17641607
3266.48294138
2785.55865477
2305.47695376
1826.27086634
1349.94192424
867.794131639
408.882504537
70.4392258218
-20.1975941601
8611.79628981
8123.03692998
7634.74257934
7147.23300909
6660.46256838
6174.44816741
5689.21161768
5204.77299329
4721.1374508
4238.29934449
3756.24445125
3274.95216689
2794.40019511
2314.57628331
1835.40377024
1357.38575926
877.744606894
401.780043649
74.5768179342
-14.0147330424
8617.19324997
8128.46308622
7640.20185602
7152.75406258
6666.0763163
6180.19366578
5695.13915458
5210.94516755
4727.61535593
4245.13692929
3763.48007697
3282.59566674
2802.40943895
2322.83696351
1843.74948225
1365.26557952
886.902274131
411.177542184
84.1306974099
-12.272813532
8621.86564209
8133.1533851
7644.90682211
7157.49380064
6670.87396326
6185.0842524
5700.1764291
5216.20838018
4733.18397776
4251.08204318
3769.85930235
3289.43943851
2809.68715207
2330.41322431
1851.4534382
1372.8184934
894.075115796
415.567831455
83.691848125
-12.7452222693
8625.80208757
8137.09340875
7648.83884223
7161.4247738
6674.81356958
6189.05565057
5704.23212443
5220.45881106
4737.75321921
4256.06084742
3775.34198265
3295.50065882
2816.32591709
2337.4317307
1858.592772
1379.68522636
900.023596216
417.445271613
79.4557719292
-16.5386004219
8629.00347741
8140.28164753
7651.99300114
7164.53333936
6677.86377916
6192.04036006
5707.16571917
5223.44758927
4741.03538664
4259.8630067
3779.77006598
3300.70356149
2822.42381366
2344.04245872
1865.40228824
1386.60856556
907.150397648
427.198608302
60.9794107972
-30.4771882901
8631.48647069
8142.73324687
7654.38412826
7166.83098431
6680.03862105
6194.08793119
5709.08124725
5225.45766647
4743.5512298
4262.72013922
3783.11535024
3304.846844
2828.11016834
2350.20289938
1871.89063601
1393.21543832
911.732169253
440.665551775
-123.368661931
-106.349750206
8633.27809383
8144.47389181
7656.03325069
7168.3071321
6681.23810233
6194.90204572
5709.33393628
5225.13908089
4743.6610585
4264.11387798
3785.71637836
3309.07195497
2834.83050167
2356.39542237
1878.91889787
1404.74088555
936.377543327
477.086021186
109.349114803
-42.343565048
8634.42834968
8145.57542498
7657.04675746
7169.14508586
6681.71835875
6194.7765446
5707.28106217
5221.10209556
2843.68780743
2362.46503036
1883.45975023
1406.72666119
929.172016663
448.368522796
48.4601640678
-52.9039328796
8634.97672135
8146.08951292
7657.49681441
7169.4707574
6681.83758705
6194.61800801
5706.72051571
5219.70673816
2849.25208262
2365.32742629
1885.92452715
1409.08394393
926.947255775
454.667966268
-137.829583655
-175.927560602
8634.97692673
8146.08970415
7657.49700062
7169.47090787
6681.83733751
6194.61808301
5706.72057998
5219.70676189
2849.25250602
2365.32793988
1885.92515185
1409.08452698
926.947595365
454.668034069
-137.830274712
-175.931042675
8634.42894928
8145.57599063
7657.04734301
7169.14581825
6681.71965856
6194.77712621
5707.28127577
5221.10206565
2843.68895652
2362.4664104
1883.46132778
1406.72822711
929.173162384
448.369104637
48.4601481943
-52.9053655817
8633.27904964
8144.474794
7656.03414261
7168.30808839
6681.23917026
6194.90287722
5709.33455147
5225.13951586
4743.66136731
4264.11391998
3785.71629492
3309.07189815
2834.83079977
2356.39614688
1878.92013065
1404.74250864
936.37903711
477.087228681
109.348462875
-42.3457553612
8631.48770711
8142.73443863
7654.38528266
7166.83212685
6680.03969818
6194.08877591
5709.08182846
5225.45796739
4743.55132029
4262.72006938
3783.11518821
3304.84674052
2828.11030713
2350.20338788
1871.89148417
1393.21670654
911.733274529
440.665296229
-123.36905478
-106.361113182
8629.00492998
8140.28309421
7651.994434
7164.53473287
6677.86503586
6192.04135133
5707.16639263
5223.44793085
4741.03543461
4259.8628071
3779.76970249
3300.70316212
2822.42354584
2344.04246388
1865.40259299
1386.60936956
907.151259605
427.19882175
60.9815145789
-30.477481499
8625.80374574
8137.09512723
7648.84058756
7161.42646783
6674.8150548
6189.05679684
5704.23289615
5220.45918554
4737.75320483
4256.0604849
3775.34135574
3295.49988634
2816.32517405
2337.43120423
1858.59256316
1379.68557109
900.024159873
417.446052733
79.4562282188
-16.5386700904
8621.86758895
8133.15545296
7644.90892975
7157.49579035
6670.87567432
6185.08555529
5700.17730131
5216.20880114
4733.18392893
4251.08155687
3769.85846881
3289.43839277
2809.6860798
2330.41233167
1851.45286862
1372.81847298
894.075453205
415.568561193
83.6920865573
-12.7451642032
8617.19563137
8128.46548515
7640.20419545
7152.75628184
6666.07824458
6180.1951712
5695.14012509
5210.94565018
4727.61533117
4245.13641133
3763.47916228
3282.59449402
2802.4081906
2322.83584756
1843.74866573
1365.26526682
886.902457635
411.178185973
84.1309691498
-12.2727932988
8611.79899248
8123.03957301
7634.74511423
7147.23533928
6660.46460704
6174.4497792
5689.2127668
5204.77364946
4721.13755433
4238.29891781
3756.24359686
3274.95101123
2794.39890205
2314.57505416
1835.40280354
1357.38523294
877.744786352
401.780600968
74.5769422213
-14.014720827
8605.69827117
8116.90121581
7628.55910943
7140.96732892
6654.07918357
6167.90600283
5682.46302269
5197.76433253
4713.81667164
4230.62101698
3748.17576939
3266.48198368
2785.55748915
2305.47576106
1826.26984801
1349.9411286
867.794692606
408.883457572
70.4392789528
-20.1975907703
8598.92115861
8110.08054946
7621.67947125
7133.99065049
6646.96694722
6160.61597013
5674.9488286
5189.97661517
4705.70715515
4222.14588038
3739.29820026
3257.17371939
2775.79531858
2295.23367082
1815.56821731
1339.60166674
854.445541584
413.540835227
-79.344455214
-59.5397060556
8591.50031674
8102.61242025
7614.14335855
7126.34625784
6639.17334864
6152.62958333
5666.723356
5181.46400471
4696.8596833
4212.91874077
3729.65012737
3247.063371
2765.1679183
2284.02427122
1803.20753243
1324.53332579
841.217135268
370.142535333
41.2140008002
-21.2277353724
8583.47174525
8094.53522669
7605.99060616
7118.07691608
6630.74442859
6143.9959167
5657.83775092
5172.27804633
4687.32382736
4202.9866051
3719.28021168
3236.21621269
2753.78804124
2272.37085617
1789.89784857
1310.1331038
826.389018276
340.691713383
38.3108278632
-16.1043353591
8574.87349795
8085.8903606
7597.26275686
7109.22690027
6621.72717494
6134.76422786
5648.34279648
5162.4709259
4677.1490241
4192.39396256
3708.2291937
3224.67183465
2741.55640327
2260.84485161
1776.45770935
1298.13776636
816.649292499
339.4125698
39.3738800224
-16.0180427791
8565.74460613
8076.72252497
7588.00193351
7099.84182218
6612.16995852
6124.98477954
5638.28893289
5152.10018012
4666.38749212
4181.18206474
3696.53373267
3212.60854705
2728.29817188
2246.00902645
1763.62640831
1284.98203892
809.966337359
349.402672463
-26.3776661412
-36.8355418936
8556.12532866
8067.0763449
7578.2493849
7089.96931285
6602.12351355
6114.71055713
5627.71983737
5141.24184614
4655.10165623
4169.39066089
3684.10239047
3199.21896435
2714.55848528
2230.67764044
1746.9180738
1264.92845216
782.18747993
304.229236697
16.6235186384
-14.9480857881
8546.09689574
8056.91783817
7568.07846666
7079.66317705
6591.64360285
6104.01315134
5616.76429991
5129.89961452
4643.36499794
4157.15295222
3671.23374493
3185.55674642
2700.05526557
2214.77924424
1729.44621857
1244.91592859
759.230031648
283.744901922
18.4095398943
-11.6860230584
8535.64472063
8046.39696345
7557.49349024
7068.95597966
6580.77132981
6092.9294352
5605.41736592
5118.21701821
4631.29145638
4144.60322616
3658.09756425
3171.69511632
2685.29120335
2198.74304946
1711.84005759
1224.46457128
735.138807734
267.736542404
18.2543559171
-10.3838857511
8524.82227292
8035.52411125
7546.54749143
7057.89430198
6569.55294438
6081.51104551
5593.75167039
5106.24980646
4618.96742027
4131.85389966
3644.8372947
3157.81484809
2670.64106417
2183.10764713
1694.94498497
1205.70369483
714.215999477
252.990831133
15.257899492
-9.88796859247
8513.67086638
8024.32949717
7535.2815876
7046.51915198
6558.0312993
6069.80482689
5581.82114496
5094.05318002
4606.46165972
4118.99117614
3631.56274851
3144.06301256
2656.32859708
2168.12892844
1679.14390181
1188.77890664
695.956644547
240.120147995
12.0937561805
-9.69840797705
8502.22737758
8012.8472717
7523.73131455
7034.867092
6546.24403934
6057.84989216
5569.66698296
5081.66975975
4593.82135743
4106.06916317
3618.33775714
3130.51890036
2642.45574052
2153.9316616
1664.61971049
1173.90520932
680.833832033
230.102989704
9.55227071603
-9.63115330427
8490.52626002
8001.10975258
7511.9297428
7022.97050472
6534.22293968
6045.67703963
5557.31843872
5069.1262771
4581.0703374
4093.10735179
3605.17531096
3117.18539447
2629.00962735
2140.47896594
1651.30985051
1160.98339952
668.822848473
223.55969212
8.16663138185
-9.61545218998
8478.59918957
7989.14775607
7499.90710937
7010.85800952
6521.99432111
6033.30940282
5544.79393914
5056.43433932
4568.21063454
4080.09397
3592.04305304
3103.99900236
2615.87801241
2127.58055581
1638.9087883
1149.48549805
659.116809294
219.470749871
7.64895996245
-9.61764241847
8466.47631909
7976.99020944
7487.69122662
6998.55530547
6509.58034304
6020.76405137
5532.10333089
5043.59350912
4555.22710483
4066.99284091
3578.87428468
3090.84773724
2602.88090218
2114.94971029
1626.95856698
1138.68079361
650.483076421
216.04648308
7.34373115055
-9.62166098206
8454.18723089
7964.66538803
7475.30930661
6986.08654634
6497.00079587
6008.05448136
5519.25121354
5030.59584166
4542.09419105
4053.7533984
3565.58268959
3077.59396909
2589.80612176
2102.26241197
1614.96854114
1127.86307777
641.57480831
212.143936117
6.86571139582
-9.62414139611
8441.76167595
7952.20348888
7462.78880158
6973.47603384
6484.27514401
5995.19328079
5506.2406308
5017.43120029
4528.78345539
4040.32179643
3552.07885794
3064.09864676
2576.44436992
2089.21227542
1602.48756242
1116.35595792
631.505523067
207.079839438
6.00048121304
-9.62260071425
8429.23150275
7939.63501848
7450.15809877
6960.74906397
6471.4240538
5982.19456809
5493.07661288
5004.09216927
4515.27053822
4026.65059724
3538.28417317
3050.24093837
2562.61769356
2075.54927507
1589.18329384
1103.71187027
619.674926694
200.308151127
4.64322979589
-9.6147809408
8416.62986924
7926.99227474
7437.44785675
6947.93349851
6458.47136116
5969.07648166
5479.76947844
4990.57853259
4501.54116557
4012.70694507
3524.14137081
3035.93140423
2548.19452226
2061.08925148
1574.81795182
1089.75433438
605.856012589
191.640069506
2.77088918779
-9.60180124643
8403.9931738
7914.31085759
7424.69235645
6935.06131953
6445.44581991
5955.8633234
5466.33754457
4976.90071507
4487.59556
3998.47813672
3509.62170533
3021.12172871
2533.10204425
2045.71563077
1559.11110115
1073.34306323
589.832022809
181.186745245
0.50948058289
-9.58695485674
8391.36145633
7901.63019034
7411.93017679
6922.16956799
6432.38230631
5942.58705544
5452.80895486
4963.0819958
4473.45101203
3983.97445451
3494.72809681
3005.80981104
2517.34581653
2029.49571243
1542.4465362
1056.34966647
572.169496949
169.35516933
-1.9249056715
-9.57396113525
8378.77883158
7888.99396381
7399.20469893
6909.30092531
6419.32253161
5929.28814524
5439.22264493
4949.15951938
4459.14272549
3969.22922953
3479.49236826
2990.02624243
2500.95216932
2012.42912303
1524.68097935
1037.79184822
552.747924904
156.526708928
-4.33308378296
-9.56996131052
8366.29365879
7876.45033881
7386.56431244
6896.50392307
6406.31526587
5916.01579175
5425.62852382
4935.18434901
4444.72361756
3954.29828552
3463.97472526
2973.83700747
2483.99065442
1994.56126598
1505.66709937
1017.82529996
531.682867753
142.982669746
-6.60006475728
-9.57632450566
8353.95846599
7864.05187872
7374.06230662
6883.8328021
6393.41614629
5902.82762127
5412.08699048
4921.22073332
4430.26323538
3939.25847008
3448.26216351
2957.34473961
2466.59587353
1976.13178634
1486.08987471
996.716311067
509.328534404
128.788105062
-8.75758766095
-9.59525355579
8341.82963449
7851.85522908
7361.75651496
6871.34703063
6380.68706843
5889.78887478
5398.66786492
4907.34466418
4415.84583928
3924.20487957
3432.46345265
2940.67258071
2448.89522987
1957.20959783
1465.70056448
974.494117229
485.44178823
114.987727722
-9.04738295594
-9.57881459923
8329.96689889
7839.92058462
7349.70863366
6859.11055091
6368.1951885
5876.97115199
5385.44874666
4893.64180049
4401.56788327
3909.24856157
3416.70948863
2923.97966687
2431.09108359
1938.07991845
1445.01210519
951.974000198
461.374674043
101.984101507
-9.06799008167
-9.5748285619
8318.43260128
7828.31095077
7337.98342693
6847.19078551
6356.01172865
5864.45085976
5372.5129751
4880.20468331
4387.53417813
3894.5108957
3401.14460698
2907.44343513
2413.41238832
1919.05739047
1424.41996304
929.712463035
438.044481733
90.0296809134
-9.06076606321
-9.57220421603
8307.29078566
7817.09128706
7326.64765041
6835.65741261
6344.21049785
5852.30736709
5359.94724471
4867.12956554
4373.85343274
3880.11685698
3385.91521547
2891.23810396
2396.06630268
1900.37139413
1404.12413347
907.954079081
414.895649397
79.1902525704
-9.05702376907
-9.56430796236
8296.6064417
7806.32752812
7315.76902363
6824.58118799
6332.86646954
5840.6212468
5347.83936449
4854.5134687
4360.63430001
3866.18974841
3371.16295071
2875.52902737
2379.25192635
1882.28578319
1384.5902862
887.536693211
393.427118256
69.4538964915
-9.05632218848
-9.5595070869
8286.44435286
7796.08572414
7305.41516162
6814.03273128
6322.05438572
5829.47262198
5336.27626288
4842.45174297
4347.98237726
3852.84720796
3357.01976184
2860.4639739
2363.1334253
1864.97431578
1365.94753521
868.543670319
373.804386776
60.7865567963
-9.05499992434
-9.55695829771
8276.86824487
7786.43098786
7295.65253894
6804.08139733
6311.8474951
5818.93974132
5325.34237528
4831.03626564
4335.9980668
3840.19966269
3343.60632642
2846.17350823
2347.8485917
1848.57544349
1348.32828856
850.637683969
355.872166568
53.1451424512
-9.05264494855
-9.55623247891
8267.93973766
7777.42655905
7286.54551776
6794.79423918
6302.31644715
5809.09780342
5315.11842129
4820.3541686
4324.77601348
3828.34947388
3331.03262229
2832.77432491
2333.51629295
1833.20084914
1331.81862212
833.548980526
339.465632497
46.4740101626
-9.04976730734
-9.55611005141
8259.71750694
7769.13290911
7278.15546428
6786.23510072
6293.52836017
5800.01802045
5305.68051345
4810.48727594
4314.40426918
3817.39130479
3319.40040533
2820.37339049
2320.24606512
1818.95532917
1316.50062734
817.219074724
324.17209917
40.7611887168
-9.04566542793
-9.55572029873
8252.25647759
7761.60695661
7270.54000309
6778.46386001
6285.54606183
5791.76688347
5297.09950938
4801.51151152
4304.96434276
3807.4128305
3308.80325241
2809.07097769
2308.14524014
1805.95535601
1302.50808494
801.955757546
310.291830599
35.8939136236
-9.04104063157
-9.55529171564
8245.6070523
7754.90131167
7263.7523097
6771.53571569
6278.42736451
5784.40544088
5289.44032036
4793.49617886
4296.53053337
3798.49374483
3299.32708653
2798.96013667
2297.31649126
1794.31954079
1289.98978114
788.11519464
298.192301814
31.7985932086
-9.03687237354
-9.55495519233
8239.81416519
7749.06326529
7257.84019661
6765.5002716
6272.22412457
5777.98835307
5282.76097056
4786.50320045
4289.16912793
3790.70522369
3291.04839758
2790.12375521
2287.85099771
1784.15074315
1279.06288041
775.923833591
287.878398677
28.422574701
-9.03356988793
-9.55472961135
8234.91639504
7744.13350716
7252.84528226
6760.40069758
6266.98136923
5772.56304709
5277.11183138
4780.58639255
4282.93784095
3784.10925611
3284.0338813
2782.63329831
2279.8246825
1775.52874362
1269.80836216
765.550927672
279.278727799
25.6963666831
-9.03139220151
-9.55440165647
8230.94629581
7740.14455359
7248.8041637
6756.27453479
6262.73799431
5768.17052527
5272.5365928
4775.79258563
4277.8869807
3778.75995712
3278.34133606
2776.54975813
2273.30006777
1768.51390938
1262.28397199
757.164796375
272.316263246
23.5690302219
-9.02825881525
-9.55506328461
8227.88336478
7737.1170663
7245.75712319
6753.15900012
6259.53138383
5764.85004741
5269.07699885
4772.16623499
4274.06387957
3774.70758815
3274.02435445
2771.92981967
2268.33424621
1763.15150733
1256.50466511
750.942524211
266.663927473
21.7577389619
-9.04324181402
-9.54946308056
8226.18273551
7735.36454531
7243.96920943
6751.30752937
6257.63140812
5762.88580048
5267.02700397
4770.00718544
4271.7704658
3772.25173905
3271.37514007
2769.0581427
2265.22136106
1759.75506636
1252.72209628
747.767417479
264.078044558
21.3753722804
-9.02220955258
-9.55669379749
8224.96238182
7734.12269214
7242.71891053
6749.9432576
6256.20771859
5761.3923384
5265.46197861
4768.36960445
4270.05773888
3770.45742893
3269.48436606
2767.03459341
2262.97797846
1757.19973256
1249.53104569
749.292633023
260.491000654
18.6177473931
-9.01679814411
-9.54375014353
)
;

boundaryField
{
    back
    {
        type            calculated;
        value           nonuniform List<scalar> 
1984
(
8224.92844139
7734.08861464
7242.68557392
6749.91008075
6256.17452513
5761.359323
5265.4293973
4768.33781119
4270.02719202
3770.42875897
3269.45821967
2767.01160583
2262.95881226
1757.18513057
1249.52130905
749.288413277
260.491058753
18.6180536137
-9.01680863702
-9.54375318585
8226.14903959
7735.33066084
7243.93560725
6751.27406239
6257.59799161
5762.8525109
5266.99405165
4769.9749514
4271.7394375
3772.22261293
3271.34864805
2769.03491582
2265.20203001
1759.74008719
1252.71211415
747.762945137
264.077952939
21.3756141494
-9.0222188516
-9.55669689599
8227.84915702
7737.08322376
7245.72345152
6753.12540532
6259.49781403
5764.81654607
5269.04373627
4772.13351503
4274.03224504
3774.67767297
3273.99703886
2771.90577749
2268.31414695
1763.13594673
1256.4942216
750.937766208
266.663723961
21.7579645951
-9.04325053189
-9.54946597474
8230.91240109
7740.11084394
7248.77049978
6756.24084136
6262.70422145
5768.13669604
5272.50283848
4775.75917999
4277.85439312
3778.7290125
3278.31285803
2776.52466284
2273.27904725
1768.49761162
1262.27297273
757.159691617
272.315930984
23.5692411243
-9.02826863691
-9.55506637505
8234.88285148
7744.1000299
7252.81171833
6760.36696894
6266.94741207
5772.5288642
5277.07751828
4780.55218848
4282.90422196
3784.07701634
3284.00403103
2782.60696444
2279.80257665
1775.51155849
1269.79669979
765.545423648
279.278243549
25.6965740228
-9.0314020506
-9.55440474976
8239.78098909
7749.03007839
7257.80681031
6765.46657658
6272.19002843
5777.95383033
5282.72608532
4786.46815827
4289.13442767
3790.67170785
3291.01714382
2790.09612953
2287.82775378
1784.1326152
1279.0505108
775.917932787
287.877769785
28.4227886004
-9.03358019961
-9.55473283882
8245.5742979
7754.86848088
7263.71918678
6771.50214528
6278.39321741
5784.37065421
5289.40492464
4793.46035263
4296.4947885
3798.45899439
3299.29453134
2798.93131819
2297.29218823
1794.30052094
1289.97672706
788.108941386
298.191538751
31.7988260176
-9.0368834235
-9.55495860349
8252.22421993
7761.57456615
7270.50724796
6778.43053634
6285.51200252
5791.73198517
5297.06376442
4801.4750819
4304.92774358
3807.37701184
3308.7696797
2809.04122693
2308.12008902
1805.93559766
1302.4944346
801.949225021
310.290933113
35.8941745614
-9.04105264928
-9.55529534913
8259.68583552
7769.10106289
7278.12320303
6786.20218034
6293.49458265
5799.98324786
5305.64470297
4810.45059472
4314.36724215
3817.35499529
3319.36635465
2820.34310793
2320.2203909
1818.93507412
1316.48652259
817.212323431
324.171022168
40.761490494
-9.04567841771
-9.55572412442
8267.90875226
7777.39537682
7286.51389482
6794.76190734
6302.2831906
5809.06346468
5315.08293901
4820.31767772
4324.73907569
3828.31311367
3330.9985155
2832.7439516
2333.49049275
1833.180411
1331.80425423
833.542002616
339.464079267
46.4743548098
-9.04978048924
-9.5561139461
8276.83805106
7786.400598
7295.62170908
6804.04985437
6311.81502222
5818.90618129
5325.30767117
4831.00052605
4335.96186967
3840.16402754
3343.57261703
2846.14352878
2347.82310502
1848.55518672
1348.31392428
850.630493296
355.870279904
53.1455309106
-9.05265831364
-9.55623630258
8286.41505698
7796.05625552
7305.38528004
6814.002174
6322.02295037
5829.44016868
5336.24275325
4842.41731242
4347.94748439
3852.81291429
3356.98727637
2860.4348885
2363.10870291
1864.95461497
1365.9334526
868.536243404
373.80220087
60.7869966024
-9.05501316765
-9.55696187279
8296.57814096
7806.29910239
7315.74023932
6824.55179378
6332.83629095
5840.59017279
5347.80738157
4854.48072624
4360.60125866
3866.15723949
3371.1321802
2875.50137914
2379.22839161
1882.2669693
1384.57675937
887.529110849
393.424714468
69.454377004
-9.05633392362
-9.55951042444
8307.26360341
7817.06401378
7326.62009109
6835.62932658
6344.18174611
5852.27787365
5359.91702276
4867.09876961
4373.82249528
3880.08651945
3385.88648292
2891.21226631
2396.04424986
1900.35371886
1404.11141976
907.946630346
414.893218517
79.1907510037
-9.05703356759
-9.56431090298
8318.40662446
7828.28494141
7337.95718644
6847.16411147
6355.98452196
5864.42307879
5372.48465181
4880.17597522
4387.50548417
3894.4828783
3401.11811102
2907.41961624
2413.39195957
1919.04095568
1424.40784668
929.705379895
438.042272958
90.0302133107
-9.06077499109
-9.57220658906
8329.94224549
7839.89589143
7349.68376803
6859.08535551
6368.16959219
5876.94513399
5385.42237231
4893.61523589
4401.54149623
3909.22290378
3416.68532032
2923.95793242
2431.07244241
1938.06494343
1445.00120693
951.967503802
461.373032575
101.984703608
-9.06799884716
-9.57483037713
8341.80634591
7851.83189507
7361.7330478
6871.3233279
6380.66308291
5889.76462534
5398.64344089
4907.32021418
4415.82167146
3924.1815487
3432.44157204
2940.65295756
2448.87842761
1957.19615793
1465.69079601
974.488239351
485.440066747
114.988318732
-9.04738386162
-9.57881701318
8353.93657463
7864.02993538
7374.04026153
6883.81059875
6393.39378951
5902.8051191
5412.06444787
4921.19836945
4430.24134515
3939.23749339
3448.24266077
2957.32729641
2466.58101365
1976.11993827
1486.08145993
996.71115999
509.326987623
128.788700188
-8.75753416551
-9.59525410678
8366.27319976
7876.42980522
7386.54368808
6896.48321191
6406.29447677
5915.99496226
5425.60781149
4935.1639613
4444.70382045
3954.27945272
3463.95730273
2973.82149365
2483.9774711
1994.55084876
1505.66032903
1017.82077151
531.681361673
142.983173014
-6.59997275414
-9.57632627668
8378.75977205
7888.9748289
7399.18549714
6909.28167211
6419.30326965
5929.26895941
5439.20368668
4949.14097546
4459.12483348
3969.21230126
3479.47677407
2990.01235545
2500.94028668
2012.41936001
1524.67299578
1037.78725841
552.74635768
156.52714979
-4.33295250077
-9.56996307889
8391.34376956
7901.61243647
7411.91237803
6922.15175928
6432.36455739
5942.56946364
5452.79165849
4963.06516294
4473.43485283
3983.95923174
3494.71411297
3005.79736641
2517.33515173
2029.48696273
1542.4397773
1056.34550031
572.167981195
169.355560136
-1.92474560296
-9.57396294076
8403.97684035
7914.2944662
7424.67594343
6935.04493572
6445.42954534
5955.84725663
5466.32181091
4976.88546509
4487.58097838
3998.46444635
3509.60915671
3021.11057112
2533.09248973
2045.70783749
1559.10521541
1073.33935584
589.830607257
181.187131483
0.509671242765
-9.58695667524
8416.61487179
7926.97722218
7437.43279951
6947.91849988
6458.45650421
5969.06186189
5479.75520876
4990.56474594
4501.52802226
4012.69463457
3524.13010321
3035.92139078
2548.18595205
2061.08228079
1574.8127197
1089.75101782
605.854653393
191.640348534
2.7710735457
-9.60180287811
8429.21781925
7939.62127208
7450.1443549
6960.73539609
6471.41054708
5982.18131407
5493.06371199
5004.07973564
4515.25870829
4026.6395324
3538.27405149
3050.2319404
2562.60998599
2075.54299905
1589.1785623
1103.70878704
619.673568908
200.308264639
4.6433849277
-9.614782426
8441.74927249
7952.1910053
7462.77631838
6973.46363312
6484.26291229
5995.18130726
5506.22900516
5017.42001707
4528.7728267
4040.31185868
3552.06976528
3064.09055614
2576.4374297
2089.20661465
1602.48327041
1116.35310738
631.504161836
207.079897888
6.0006394093
-9.62260295159
8454.17604002
7964.6541018
7475.29801693
6986.07533677
6496.98975446
6008.04369586
5519.24076731
5030.58581812
4542.08467352
4053.74449715
3565.57454329
3077.58670933
2589.79987498
2102.25729561
1614.96463024
1127.8604218
641.5734124
212.143853781
6.86590748103
-9.62414450945
8466.46626079
7976.98005638
7487.68107006
6998.54522411
6509.57041648
6020.75436437
5532.09396732
5043.58455403
4555.21862525
4066.9849183
3578.86703697
3090.84127065
2602.87531791
2114.94511513
1626.95503711
1138.67837787
650.481803454
216.04639797
7.34382374619
-9.62166152159
8478.59016041
7989.13864628
7499.89800004
7010.84897922
6521.98543636
6033.30073316
5544.78556656
5056.42636221
4568.20311583
4080.08695752
3592.0366399
3103.99327005
2615.87304554
2127.57644282
1638.90560817
1149.48329234
659.11557613
219.47063031
7.6490492904
-9.61764267983
8490.51817406
8001.10159834
7511.92159097
7022.96242623
6534.21500281
6045.66930439
5557.31098545
5069.11920495
4581.06370028
4093.10118116
3605.16967059
3117.18033976
2629.00523523
2140.4753198
1651.30701076
1160.98137108
668.821538886
223.559530525
8.16694589029
-9.61545646826
8502.22016048
8012.839992
7523.72403577
7034.85987693
6546.23695519
6057.8430035
5569.66037572
5081.66352035
4593.81552945
4106.06377099
3618.33283658
3130.51448279
2642.45190174
2153.92848168
1664.61724159
1173.90349924
680.832877794
230.103057932
9.55248027424
-9.63115609998
8513.66445007
8024.32300372
7535.27509436
7046.51271517
6558.02498506
6069.79871193
5581.81531119
5094.04769924
4606.45657486
4118.98650053
3631.55849689
3144.05919116
2656.32528541
2168.12621077
1679.14182006
1188.77749363
695.955968004
240.120276609
12.0938873814
-9.69840876389
8524.81655441
8035.5183139
7546.54170218
7057.8885713
6569.54732931
6081.5056331
5593.74654391
5106.24502676
4618.96302544
4131.84989111
3644.83367038
3157.8115964
2670.63825107
2183.10536354
1694.94327744
1205.70258462
714.215529907
252.991011425
15.2580026577
-9.88796968061
8535.63956111
8046.39174813
7557.4883109
7068.95088573
6580.76636548
6092.9246686
5605.41289368
5118.21290145
4631.28771045
4144.59984521
3658.09453419
3171.69240952
2685.28886813
2198.74117292
1711.8387202
1224.46378066
735.138559815
267.736820641
18.2544806259
-10.3838897502
8546.09217247
8056.91308283
7568.07380973
7079.65863748
6591.63922292
6104.00899259
5616.76044471
5129.89611771
4643.36186267
4157.15017066
3671.23129454
3185.55458814
2700.05338668
2214.77778182
1729.44525084
1244.91542966
759.229902812
283.745218489
18.4096825819
-11.6860334901
8556.12091207
8067.07193524
7578.24517565
7089.96524874
6602.11966695
6114.70698203
5627.7165532
5141.23891192
4655.09908688
4169.38845588
3684.10053459
3199.21743648
2714.55698411
2230.6766079
1746.91750557
1264.92817557
782.187367076
304.229399435
16.6235944386
-14.9481603744
8565.7403921
8076.71842326
7587.99807722
7099.8381871
6612.16658713
6124.981712
5638.28616324
5152.09773872
4666.38542356
4181.18039757
3696.5325191
3212.60805337
2728.2966784
2246.0084564
1763.62635741
1284.9818039
809.965993442
349.402568865
-26.3789148804
-36.8358852996
8574.86947357
8085.88655045
7597.25923641
7109.22364376
6621.72420757
6134.76155645
5648.34042389
5162.46889417
4677.14737425
4192.39271435
3708.22831711
3224.6713306
2741.55603243
2260.84509902
1776.45868383
1298.13727969
816.64908884
339.412829935
39.3739514817
-16.0181263858
8583.46793737
8094.53169669
7605.98738955
7118.0739867
6630.74176459
6143.99352262
5657.8356843
5172.27636545
4687.32256389
4202.98576801
3719.27972645
3236.21605551
2753.78821209
2272.37140376
1789.89861385
1310.13360149
826.38924368
340.691933119
38.3108955358
-16.1043472724
8591.49675208
8102.60914781
7614.14040497
7126.34357843
6639.17091034
6152.62741227
5666.72153847
5181.46262933
4696.85877506
4212.91829776
3729.65005869
3247.06362327
2765.16849204
2284.02508983
1803.2084555
1324.53421432
841.217418241
370.143024662
41.2144086737
-21.2277225938
8598.91788376
8110.07750774
7621.6766922
7133.98812736
6646.96467798
6160.6139961
5674.94724424
5189.97551373
4705.70657157
4222.14579888
3739.2985149
3257.17436314
2775.79623062
2295.23472014
1815.56921977
1339.60264221
854.445469864
413.540843773
-79.3438610346
-59.5396699023
8605.69527859
8116.89837248
7628.55645317
7140.96489695
6654.07704755
6167.90422052
5682.4616741
5197.76348279
4713.8163633
4230.62122991
3748.17641607
3266.48294138
2785.55865477
2305.47695376
1826.27086634
1349.94192424
867.794131639
408.882504537
70.4392258218
-20.1975941601
8611.79628981
8123.03692998
7634.74257934
7147.23300909
6660.46256838
6174.44816741
5689.21161768
5204.77299329
4721.1374508
4238.29934449
3756.24445125
3274.95216689
2794.40019511
2314.57628331
1835.40377024
1357.38575926
877.744606894
401.780043649
74.5768179342
-14.0147330424
8617.19324997
8128.46308622
7640.20185602
7152.75406258
6666.0763163
6180.19366578
5695.13915458
5210.94516755
4727.61535593
4245.13692929
3763.48007697
3282.59566674
2802.40943895
2322.83696351
1843.74948225
1365.26557952
886.902274131
411.177542184
84.1306974099
-12.272813532
8621.86564209
8133.1533851
7644.90682211
7157.49380064
6670.87396326
6185.0842524
5700.1764291
5216.20838018
4733.18397776
4251.08204318
3769.85930235
3289.43943851
2809.68715207
2330.41322431
1851.4534382
1372.8184934
894.075115796
415.567831455
83.691848125
-12.7452222693
8625.80208757
8137.09340875
7648.83884223
7161.4247738
6674.81356958
6189.05565057
5704.23212443
5220.45881106
4737.75321921
4256.06084742
3775.34198265
3295.50065882
2816.32591709
2337.4317307
1858.592772
1379.68522636
900.023596216
417.445271613
79.4557719292
-16.5386004219
8629.00347741
8140.28164753
7651.99300114
7164.53333936
6677.86377916
6192.04036006
5707.16571917
5223.44758927
4741.03538664
4259.8630067
3779.77006598
3300.70356149
2822.42381366
2344.04245872
1865.40228824
1386.60856556
907.150397648
427.198608302
60.9794107972
-30.4771882901
8631.48647069
8142.73324687
7654.38412826
7166.83098431
6680.03862105
6194.08793119
5709.08124725
5225.45766647
4743.5512298
4262.72013922
3783.11535024
3304.846844
2828.11016834
2350.20289938
1871.89063601
1393.21543832
911.732169253
440.665551775
-123.368661931
-106.349750206
8633.27809383
8144.47389181
7656.03325069
7168.3071321
6681.23810233
6194.90204572
5709.33393628
5225.13908089
4743.6610585
4264.11387798
3785.71637836
3309.07195497
2834.83050167
2356.39542237
1878.91889787
1404.74088555
936.377543327
477.086021186
109.349114803
-42.343565048
8634.42834968
8145.57542498
7657.04675746
7169.14508586
6681.71835875
6194.7765446
5707.28106217
5221.10209556
2843.68780743
2362.46503036
1883.45975023
1406.72666119
929.172016663
448.368522796
48.4601640678
-52.9039328796
8634.97672135
8146.08951292
7657.49681441
7169.4707574
6681.83758705
6194.61800801
5706.72051571
5219.70673816
2849.25208262
2365.32742629
1885.92452715
1409.08394393
926.947255775
454.667966268
-137.829583655
-175.927560602
8634.97692673
8146.08970415
7657.49700062
7169.47090787
6681.83733751
6194.61808301
5706.72057998
5219.70676189
2849.25250602
2365.32793988
1885.92515185
1409.08452698
926.947595365
454.668034069
-137.830274712
-175.931042675
8634.42894928
8145.57599063
7657.04734301
7169.14581825
6681.71965856
6194.77712621
5707.28127577
5221.10206565
2843.68895652
2362.4664104
1883.46132778
1406.72822711
929.173162384
448.369104637
48.4601481943
-52.9053655817
8633.27904964
8144.474794
7656.03414261
7168.30808839
6681.23917026
6194.90287722
5709.33455147
5225.13951586
4743.66136731
4264.11391998
3785.71629492
3309.07189815
2834.83079977
2356.39614688
1878.92013065
1404.74250864
936.37903711
477.087228681
109.348462875
-42.3457553612
8631.48770711
8142.73443863
7654.38528266
7166.83212685
6680.03969818
6194.08877591
5709.08182846
5225.45796739
4743.55132029
4262.72006938
3783.11518821
3304.84674052
2828.11030713
2350.20338788
1871.89148417
1393.21670654
911.733274529
440.665296229
-123.36905478
-106.361113182
8629.00492998
8140.28309421
7651.994434
7164.53473287
6677.86503586
6192.04135133
5707.16639263
5223.44793085
4741.03543461
4259.8628071
3779.76970249
3300.70316212
2822.42354584
2344.04246388
1865.40259299
1386.60936956
907.151259605
427.19882175
60.9815145789
-30.477481499
8625.80374574
8137.09512723
7648.84058756
7161.42646783
6674.8150548
6189.05679684
5704.23289615
5220.45918554
4737.75320483
4256.0604849
3775.34135574
3295.49988634
2816.32517405
2337.43120423
1858.59256316
1379.68557109
900.024159873
417.446052733
79.4562282188
-16.5386700904
8621.86758895
8133.15545296
7644.90892975
7157.49579035
6670.87567432
6185.08555529
5700.17730131
5216.20880114
4733.18392893
4251.08155687
3769.85846881
3289.43839277
2809.6860798
2330.41233167
1851.45286862
1372.81847298
894.075453205
415.568561193
83.6920865573
-12.7451642032
8617.19563137
8128.46548515
7640.20419545
7152.75628184
6666.07824458
6180.1951712
5695.14012509
5210.94565018
4727.61533117
4245.13641133
3763.47916228
3282.59449402
2802.4081906
2322.83584756
1843.74866573
1365.26526682
886.902457635
411.178185973
84.1309691498
-12.2727932988
8611.79899248
8123.03957301
7634.74511423
7147.23533928
6660.46460704
6174.4497792
5689.2127668
5204.77364946
4721.13755433
4238.29891781
3756.24359686
3274.95101123
2794.39890205
2314.57505416
1835.40280354
1357.38523294
877.744786352
401.780600968
74.5769422213
-14.014720827
8605.69827117
8116.90121581
7628.55910943
7140.96732892
6654.07918357
6167.90600283
5682.46302269
5197.76433253
4713.81667164
4230.62101698
3748.17576939
3266.48198368
2785.55748915
2305.47576106
1826.26984801
1349.9411286
867.794692606
408.883457572
70.4392789528
-20.1975907703
8598.92115861
8110.08054946
7621.67947125
7133.99065049
6646.96694722
6160.61597013
5674.9488286
5189.97661517
4705.70715515
4222.14588038
3739.29820026
3257.17371939
2775.79531858
2295.23367082
1815.56821731
1339.60166674
854.445541584
413.540835227
-79.344455214
-59.5397060556
8591.50031674
8102.61242025
7614.14335855
7126.34625784
6639.17334864
6152.62958333
5666.723356
5181.46400471
4696.8596833
4212.91874077
3729.65012737
3247.063371
2765.1679183
2284.02427122
1803.20753243
1324.53332579
841.217135268
370.142535333
41.2140008002
-21.2277353724
8583.47174525
8094.53522669
7605.99060616
7118.07691608
6630.74442859
6143.9959167
5657.83775092
5172.27804633
4687.32382736
4202.9866051
3719.28021168
3236.21621269
2753.78804124
2272.37085617
1789.89784857
1310.1331038
826.389018276
340.691713383
38.3108278632
-16.1043353591
8574.87349795
8085.8903606
7597.26275686
7109.22690027
6621.72717494
6134.76422786
5648.34279648
5162.4709259
4677.1490241
4192.39396256
3708.2291937
3224.67183465
2741.55640327
2260.84485161
1776.45770935
1298.13776636
816.649292499
339.4125698
39.3738800224
-16.0180427791
8565.74460613
8076.72252497
7588.00193351
7099.84182218
6612.16995852
6124.98477954
5638.28893289
5152.10018012
4666.38749212
4181.18206474
3696.53373267
3212.60854705
2728.29817188
2246.00902645
1763.62640831
1284.98203892
809.966337359
349.402672463
-26.3776661412
-36.8355418936
8556.12532866
8067.0763449
7578.2493849
7089.96931285
6602.12351355
6114.71055713
5627.71983737
5141.24184614
4655.10165623
4169.39066089
3684.10239047
3199.21896435
2714.55848528
2230.67764044
1746.9180738
1264.92845216
782.18747993
304.229236697
16.6235186384
-14.9480857881
8546.09689574
8056.91783817
7568.07846666
7079.66317705
6591.64360285
6104.01315134
5616.76429991
5129.89961452
4643.36499794
4157.15295222
3671.23374493
3185.55674642
2700.05526557
2214.77924424
1729.44621857
1244.91592859
759.230031648
283.744901922
18.4095398943
-11.6860230584
8535.64472063
8046.39696345
7557.49349024
7068.95597966
6580.77132981
6092.9294352
5605.41736592
5118.21701821
4631.29145638
4144.60322616
3658.09756425
3171.69511632
2685.29120335
2198.74304946
1711.84005759
1224.46457128
735.138807734
267.736542404
18.2543559171
-10.3838857511
8524.82227292
8035.52411125
7546.54749143
7057.89430198
6569.55294438
6081.51104551
5593.75167039
5106.24980646
4618.96742027
4131.85389966
3644.8372947
3157.81484809
2670.64106417
2183.10764713
1694.94498497
1205.70369483
714.215999477
252.990831133
15.257899492
-9.88796859247
8513.67086638
8024.32949717
7535.2815876
7046.51915198
6558.0312993
6069.80482689
5581.82114496
5094.05318002
4606.46165972
4118.99117614
3631.56274851
3144.06301256
2656.32859708
2168.12892844
1679.14390181
1188.77890664
695.956644547
240.120147995
12.0937561805
-9.69840797705
8502.22737758
8012.8472717
7523.73131455
7034.867092
6546.24403934
6057.84989216
5569.66698296
5081.66975975
4593.82135743
4106.06916317
3618.33775714
3130.51890036
2642.45574052
2153.9316616
1664.61971049
1173.90520932
680.833832033
230.102989704
9.55227071603
-9.63115330427
8490.52626002
8001.10975258
7511.9297428
7022.97050472
6534.22293968
6045.67703963
5557.31843872
5069.1262771
4581.0703374
4093.10735179
3605.17531096
3117.18539447
2629.00962735
2140.47896594
1651.30985051
1160.98339952
668.822848473
223.55969212
8.16663138185
-9.61545218998
8478.59918957
7989.14775607
7499.90710937
7010.85800952
6521.99432111
6033.30940282
5544.79393914
5056.43433932
4568.21063454
4080.09397
3592.04305304
3103.99900236
2615.87801241
2127.58055581
1638.9087883
1149.48549805
659.116809294
219.470749871
7.64895996245
-9.61764241847
8466.47631909
7976.99020944
7487.69122662
6998.55530547
6509.58034304
6020.76405137
5532.10333089
5043.59350912
4555.22710483
4066.99284091
3578.87428468
3090.84773724
2602.88090218
2114.94971029
1626.95856698
1138.68079361
650.483076421
216.04648308
7.34373115055
-9.62166098206
8454.18723089
7964.66538803
7475.30930661
6986.08654634
6497.00079587
6008.05448136
5519.25121354
5030.59584166
4542.09419105
4053.7533984
3565.58268959
3077.59396909
2589.80612176
2102.26241197
1614.96854114
1127.86307777
641.57480831
212.143936117
6.86571139582
-9.62414139611
8441.76167595
7952.20348888
7462.78880158
6973.47603384
6484.27514401
5995.19328079
5506.2406308
5017.43120029
4528.78345539
4040.32179643
3552.07885794
3064.09864676
2576.44436992
2089.21227542
1602.48756242
1116.35595792
631.505523067
207.079839438
6.00048121304
-9.62260071425
8429.23150275
7939.63501848
7450.15809877
6960.74906397
6471.4240538
5982.19456809
5493.07661288
5004.09216927
4515.27053822
4026.65059724
3538.28417317
3050.24093837
2562.61769356
2075.54927507
1589.18329384
1103.71187027
619.674926694
200.308151127
4.64322979589
-9.6147809408
8416.62986924
7926.99227474
7437.44785675
6947.93349851
6458.47136116
5969.07648166
5479.76947844
4990.57853259
4501.54116557
4012.70694507
3524.14137081
3035.93140423
2548.19452226
2061.08925148
1574.81795182
1089.75433438
605.856012589
191.640069506
2.77088918779
-9.60180124643
8403.9931738
7914.31085759
7424.69235645
6935.06131953
6445.44581991
5955.8633234
5466.33754457
4976.90071507
4487.59556
3998.47813672
3509.62170533
3021.12172871
2533.10204425
2045.71563077
1559.11110115
1073.34306323
589.832022809
181.186745245
0.50948058289
-9.58695485674
8391.36145633
7901.63019034
7411.93017679
6922.16956799
6432.38230631
5942.58705544
5452.80895486
4963.0819958
4473.45101203
3983.97445451
3494.72809681
3005.80981104
2517.34581653
2029.49571243
1542.4465362
1056.34966647
572.169496949
169.35516933
-1.9249056715
-9.57396113525
8378.77883158
7888.99396381
7399.20469893
6909.30092531
6419.32253161
5929.28814524
5439.22264493
4949.15951938
4459.14272549
3969.22922953
3479.49236826
2990.02624243
2500.95216932
2012.42912303
1524.68097935
1037.79184822
552.747924904
156.526708928
-4.33308378296
-9.56996131052
8366.29365879
7876.45033881
7386.56431244
6896.50392307
6406.31526587
5916.01579175
5425.62852382
4935.18434901
4444.72361756
3954.29828552
3463.97472526
2973.83700747
2483.99065442
1994.56126598
1505.66709937
1017.82529996
531.682867753
142.982669746
-6.60006475728
-9.57632450566
8353.95846599
7864.05187872
7374.06230662
6883.8328021
6393.41614629
5902.82762127
5412.08699048
4921.22073332
4430.26323538
3939.25847008
3448.26216351
2957.34473961
2466.59587353
1976.13178634
1486.08987471
996.716311067
509.328534404
128.788105062
-8.75758766095
-9.59525355579
8341.82963449
7851.85522908
7361.75651496
6871.34703063
6380.68706843
5889.78887478
5398.66786492
4907.34466418
4415.84583928
3924.20487957
3432.46345265
2940.67258071
2448.89522987
1957.20959783
1465.70056448
974.494117229
485.44178823
114.987727722
-9.04738295594
-9.57881459923
8329.96689889
7839.92058462
7349.70863366
6859.11055091
6368.1951885
5876.97115199
5385.44874666
4893.64180049
4401.56788327
3909.24856157
3416.70948863
2923.97966687
2431.09108359
1938.07991845
1445.01210519
951.974000198
461.374674043
101.984101507
-9.06799008167
-9.5748285619
8318.43260128
7828.31095077
7337.98342693
6847.19078551
6356.01172865
5864.45085976
5372.5129751
4880.20468331
4387.53417813
3894.5108957
3401.14460698
2907.44343513
2413.41238832
1919.05739047
1424.41996304
929.712463035
438.044481733
90.0296809134
-9.06076606321
-9.57220421603
8307.29078566
7817.09128706
7326.64765041
6835.65741261
6344.21049785
5852.30736709
5359.94724471
4867.12956554
4373.85343274
3880.11685698
3385.91521547
2891.23810396
2396.06630268
1900.37139413
1404.12413347
907.954079081
414.895649397
79.1902525704
-9.05702376907
-9.56430796236
8296.6064417
7806.32752812
7315.76902363
6824.58118799
6332.86646954
5840.6212468
5347.83936449
4854.5134687
4360.63430001
3866.18974841
3371.16295071
2875.52902737
2379.25192635
1882.28578319
1384.5902862
887.536693211
393.427118256
69.4538964915
-9.05632218848
-9.5595070869
8286.44435286
7796.08572414
7305.41516162
6814.03273128
6322.05438572
5829.47262198
5336.27626288
4842.45174297
4347.98237726
3852.84720796
3357.01976184
2860.4639739
2363.1334253
1864.97431578
1365.94753521
868.543670319
373.804386776
60.7865567963
-9.05499992434
-9.55695829771
8276.86824487
7786.43098786
7295.65253894
6804.08139733
6311.8474951
5818.93974132
5325.34237528
4831.03626564
4335.9980668
3840.19966269
3343.60632642
2846.17350823
2347.8485917
1848.57544349
1348.32828856
850.637683969
355.872166568
53.1451424512
-9.05264494855
-9.55623247891
8267.93973766
7777.42655905
7286.54551776
6794.79423918
6302.31644715
5809.09780342
5315.11842129
4820.3541686
4324.77601348
3828.34947388
3331.03262229
2832.77432491
2333.51629295
1833.20084914
1331.81862212
833.548980526
339.465632497
46.4740101626
-9.04976730734
-9.55611005141
8259.71750694
7769.13290911
7278.15546428
6786.23510072
6293.52836017
5800.01802045
5305.68051345
4810.48727594
4314.40426918
3817.39130479
3319.40040533
2820.37339049
2320.24606512
1818.95532917
1316.50062734
817.219074724
324.17209917
40.7611887168
-9.04566542793
-9.55572029873
8252.25647759
7761.60695661
7270.54000309
6778.46386001
6285.54606183
5791.76688347
5297.09950938
4801.51151152
4304.96434276
3807.4128305
3308.80325241
2809.07097769
2308.14524014
1805.95535601
1302.50808494
801.955757546
310.291830599
35.8939136236
-9.04104063157
-9.55529171564
8245.6070523
7754.90131167
7263.7523097
6771.53571569
6278.42736451
5784.40544088
5289.44032036
4793.49617886
4296.53053337
3798.49374483
3299.32708653
2798.96013667
2297.31649126
1794.31954079
1289.98978114
788.11519464
298.192301814
31.7985932086
-9.03687237354
-9.55495519233
8239.81416519
7749.06326529
7257.84019661
6765.5002716
6272.22412457
5777.98835307
5282.76097056
4786.50320045
4289.16912793
3790.70522369
3291.04839758
2790.12375521
2287.85099771
1784.15074315
1279.06288041
775.923833591
287.878398677
28.422574701
-9.03356988793
-9.55472961135
8234.91639504
7744.13350716
7252.84528226
6760.40069758
6266.98136923
5772.56304709
5277.11183138
4780.58639255
4282.93784095
3784.10925611
3284.0338813
2782.63329831
2279.8246825
1775.52874362
1269.80836216
765.550927672
279.278727799
25.6963666831
-9.03139220151
-9.55440165647
8230.94629581
7740.14455359
7248.8041637
6756.27453479
6262.73799431
5768.17052527
5272.5365928
4775.79258563
4277.8869807
3778.75995712
3278.34133606
2776.54975813
2273.30006777
1768.51390938
1262.28397199
757.164796375
272.316263246
23.5690302219
-9.02825881525
-9.55506328461
8227.88336478
7737.1170663
7245.75712319
6753.15900012
6259.53138383
5764.85004741
5269.07699885
4772.16623499
4274.06387957
3774.70758815
3274.02435445
2771.92981967
2268.33424621
1763.15150733
1256.50466511
750.942524211
266.663927473
21.7577389619
-9.04324181402
-9.54946308056
8226.18273551
7735.36454531
7243.96920943
6751.30752937
6257.63140812
5762.88580048
5267.02700397
4770.00718544
4271.7704658
3772.25173905
3271.37514007
2769.0581427
2265.22136106
1759.75506636
1252.72209628
747.767417479
264.078044558
21.3753722804
-9.02220955258
-9.55669379749
8224.96238182
7734.12269214
7242.71891053
6749.9432576
6256.20771859
5761.3923384
5265.46197861
4768.36960445
4270.05773888
3770.45742893
3269.48436606
2767.03459341
2262.97797846
1757.19973256
1249.53104569
749.292633023
260.491000654
18.6177473931
-9.01679814411
-9.54375014353
)
;
    }
    sides
    {
        type            calculated;
        value           nonuniform List<scalar> 
40
(
8224.92844139
7734.08861464
7242.68557392
6749.91008075
6256.17452513
5761.359323
5265.4293973
4768.33781119
4270.02719202
3770.42875897
3269.45821967
2767.01160583
2262.95881226
1757.18513057
1249.52130905
749.288413277
260.491058753
18.6180536137
-9.01680863702
-9.54375318585
8224.96238182
7734.12269214
7242.71891053
6749.9432576
6256.20771859
5761.3923384
5265.46197861
4768.36960445
4270.05773888
3770.45742893
3269.48436606
2767.03459341
2262.97797846
1757.19973256
1249.53104569
749.292633023
260.491000654
18.6177473931
-9.01679814411
-9.54375014353
)
;
    }
    bottom
    {
        type            calculated;
        value           nonuniform List<scalar> 
100
(
8469.7370055
8470.95760695
8472.65772691
8475.72097374
8479.6914275
8484.58956914
8490.38288259
8497.03280978
8504.494431
8512.7173537
8521.64665869
8531.22367078
8541.38676055
8552.07222783
8563.21525188
8574.75087586
8586.61498168
8598.74521393
8611.08185616
8623.56841998
8636.15240169
8648.78545907
8661.42348424
8674.02643287
8686.55789017
8698.9846656
8711.27488318
8723.39876388
8735.32675386
8747.02872015
8758.47299576
8769.62507351
8780.44805278
8790.9006381
8800.92935151
8810.54882782
8819.67783873
8828.27629913
8836.30511386
8843.72632514
8850.5037729
8856.60477575
8862.00165369
8866.67407891
8870.61056862
8873.81195846
8876.29492905
8878.08658533
8879.23687085
8879.78526914
8879.78549439
8879.23751425
8878.08761461
8876.29621207
8873.81340821
8870.61215089
8866.67582039
8862.00399858
8856.6074753
8850.50680821
8843.7296985
8836.30886157
8828.28028885
8819.68203142
8810.55312512
8800.93381551
8790.90533534
8780.45313997
8769.63069227
8758.47933308
8747.03588466
8735.33477712
8723.40771522
8711.28484757
8698.9957606
8686.5702144
8674.04005672
8661.43843161
8648.80174433
8636.17003597
8623.58742289
8611.10226641
8598.76709584
8586.6382838
8574.77557275
8563.24129721
8552.0994893
8541.41513516
8531.25299976
8521.67688354
8512.74837122
8504.52613768
8497.0651074
8490.41568279
8484.62279782
8479.72503128
8475.75493753
8472.69201722
8470.99139315
8469.77098855
)
;
    }
    front
    {
        type            calculated;
        value           nonuniform List<scalar> 
1984
(
8224.92844139
7734.08861464
7242.68557392
6749.91008075
6256.17452513
5761.359323
5265.4293973
4768.33781119
4270.02719202
3770.42875897
3269.45821967
2767.01160583
2262.95881226
1757.18513057
1249.52130905
749.288413277
260.491058753
18.6180536137
-9.01680863702
-9.54375318585
8226.14903959
7735.33066084
7243.93560725
6751.27406239
6257.59799161
5762.8525109
5266.99405165
4769.9749514
4271.7394375
3772.22261293
3271.34864805
2769.03491582
2265.20203001
1759.74008719
1252.71211415
747.762945137
264.077952939
21.3756141494
-9.0222188516
-9.55669689599
8227.84915702
7737.08322376
7245.72345152
6753.12540532
6259.49781403
5764.81654607
5269.04373627
4772.13351503
4274.03224504
3774.67767297
3273.99703886
2771.90577749
2268.31414695
1763.13594673
1256.4942216
750.937766208
266.663723961
21.7579645951
-9.04325053189
-9.54946597474
8230.91240109
7740.11084394
7248.77049978
6756.24084136
6262.70422145
5768.13669604
5272.50283848
4775.75917999
4277.85439312
3778.7290125
3278.31285803
2776.52466284
2273.27904725
1768.49761162
1262.27297273
757.159691617
272.315930984
23.5692411243
-9.02826863691
-9.55506637505
8234.88285148
7744.1000299
7252.81171833
6760.36696894
6266.94741207
5772.5288642
5277.07751828
4780.55218848
4282.90422196
3784.07701634
3284.00403103
2782.60696444
2279.80257665
1775.51155849
1269.79669979
765.545423648
279.278243549
25.6965740228
-9.0314020506
-9.55440474976
8239.78098909
7749.03007839
7257.80681031
6765.46657658
6272.19002843
5777.95383033
5282.72608532
4786.46815827
4289.13442767
3790.67170785
3291.01714382
2790.09612953
2287.82775378
1784.1326152
1279.0505108
775.917932787
287.877769785
28.4227886004
-9.03358019961
-9.55473283882
8245.5742979
7754.86848088
7263.71918678
6771.50214528
6278.39321741
5784.37065421
5289.40492464
4793.46035263
4296.4947885
3798.45899439
3299.29453134
2798.93131819
2297.29218823
1794.30052094
1289.97672706
788.108941386
298.191538751
31.7988260176
-9.0368834235
-9.55495860349
8252.22421993
7761.57456615
7270.50724796
6778.43053634
6285.51200252
5791.73198517
5297.06376442
4801.4750819
4304.92774358
3807.37701184
3308.7696797
2809.04122693
2308.12008902
1805.93559766
1302.4944346
801.949225021
310.290933113
35.8941745614
-9.04105264928
-9.55529534913
8259.68583552
7769.10106289
7278.12320303
6786.20218034
6293.49458265
5799.98324786
5305.64470297
4810.45059472
4314.36724215
3817.35499529
3319.36635465
2820.34310793
2320.2203909
1818.93507412
1316.48652259
817.212323431
324.171022168
40.761490494
-9.04567841771
-9.55572412442
8267.90875226
7777.39537682
7286.51389482
6794.76190734
6302.2831906
5809.06346468
5315.08293901
4820.31767772
4324.73907569
3828.31311367
3330.9985155
2832.7439516
2333.49049275
1833.180411
1331.80425423
833.542002616
339.464079267
46.4743548098
-9.04978048924
-9.5561139461
8276.83805106
7786.400598
7295.62170908
6804.04985437
6311.81502222
5818.90618129
5325.30767117
4831.00052605
4335.96186967
3840.16402754
3343.57261703
2846.14352878
2347.82310502
1848.55518672
1348.31392428
850.630493296
355.870279904
53.1455309106
-9.05265831364
-9.55623630258
8286.41505698
7796.05625552
7305.38528004
6814.002174
6322.02295037
5829.44016868
5336.24275325
4842.41731242
4347.94748439
3852.81291429
3356.98727637
2860.4348885
2363.10870291
1864.95461497
1365.9334526
868.536243404
373.80220087
60.7869966024
-9.05501316765
-9.55696187279
8296.57814096
7806.29910239
7315.74023932
6824.55179378
6332.83629095
5840.59017279
5347.80738157
4854.48072624
4360.60125866
3866.15723949
3371.1321802
2875.50137914
2379.22839161
1882.2669693
1384.57675937
887.529110849
393.424714468
69.454377004
-9.05633392362
-9.55951042444
8307.26360341
7817.06401378
7326.62009109
6835.62932658
6344.18174611
5852.27787365
5359.91702276
4867.09876961
4373.82249528
3880.08651945
3385.88648292
2891.21226631
2396.04424986
1900.35371886
1404.11141976
907.946630346
414.893218517
79.1907510037
-9.05703356759
-9.56431090298
8318.40662446
7828.28494141
7337.95718644
6847.16411147
6355.98452196
5864.42307879
5372.48465181
4880.17597522
4387.50548417
3894.4828783
3401.11811102
2907.41961624
2413.39195957
1919.04095568
1424.40784668
929.705379895
438.042272958
90.0302133107
-9.06077499109
-9.57220658906
8329.94224549
7839.89589143
7349.68376803
6859.08535551
6368.16959219
5876.94513399
5385.42237231
4893.61523589
4401.54149623
3909.22290378
3416.68532032
2923.95793242
2431.07244241
1938.06494343
1445.00120693
951.967503802
461.373032575
101.984703608
-9.06799884716
-9.57483037713
8341.80634591
7851.83189507
7361.7330478
6871.3233279
6380.66308291
5889.76462534
5398.64344089
4907.32021418
4415.82167146
3924.1815487
3432.44157204
2940.65295756
2448.87842761
1957.19615793
1465.69079601
974.488239351
485.440066747
114.988318732
-9.04738386162
-9.57881701318
8353.93657463
7864.02993538
7374.04026153
6883.81059875
6393.39378951
5902.8051191
5412.06444787
4921.19836945
4430.24134515
3939.23749339
3448.24266077
2957.32729641
2466.58101365
1976.11993827
1486.08145993
996.71115999
509.326987623
128.788700188
-8.75753416551
-9.59525410678
8366.27319976
7876.42980522
7386.54368808
6896.48321191
6406.29447677
5915.99496226
5425.60781149
4935.1639613
4444.70382045
3954.27945272
3463.95730273
2973.82149365
2483.9774711
1994.55084876
1505.66032903
1017.82077151
531.681361673
142.983173014
-6.59997275414
-9.57632627668
8378.75977205
7888.9748289
7399.18549714
6909.28167211
6419.30326965
5929.26895941
5439.20368668
4949.14097546
4459.12483348
3969.21230126
3479.47677407
2990.01235545
2500.94028668
2012.41936001
1524.67299578
1037.78725841
552.74635768
156.52714979
-4.33295250077
-9.56996307889
8391.34376956
7901.61243647
7411.91237803
6922.15175928
6432.36455739
5942.56946364
5452.79165849
4963.06516294
4473.43485283
3983.95923174
3494.71411297
3005.79736641
2517.33515173
2029.48696273
1542.4397773
1056.34550031
572.167981195
169.355560136
-1.92474560296
-9.57396294076
8403.97684035
7914.2944662
7424.67594343
6935.04493572
6445.42954534
5955.84725663
5466.32181091
4976.88546509
4487.58097838
3998.46444635
3509.60915671
3021.11057112
2533.09248973
2045.70783749
1559.10521541
1073.33935584
589.830607257
181.187131483
0.509671242765
-9.58695667524
8416.61487179
7926.97722218
7437.43279951
6947.91849988
6458.45650421
5969.06186189
5479.75520876
4990.56474594
4501.52802226
4012.69463457
3524.13010321
3035.92139078
2548.18595205
2061.08228079
1574.8127197
1089.75101782
605.854653393
191.640348534
2.7710735457
-9.60180287811
8429.21781925
7939.62127208
7450.1443549
6960.73539609
6471.41054708
5982.18131407
5493.06371199
5004.07973564
4515.25870829
4026.6395324
3538.27405149
3050.2319404
2562.60998599
2075.54299905
1589.1785623
1103.70878704
619.673568908
200.308264639
4.6433849277
-9.614782426
8441.74927249
7952.1910053
7462.77631838
6973.46363312
6484.26291229
5995.18130726
5506.22900516
5017.42001707
4528.7728267
4040.31185868
3552.06976528
3064.09055614
2576.4374297
2089.20661465
1602.48327041
1116.35310738
631.504161836
207.079897888
6.0006394093
-9.62260295159
8454.17604002
7964.6541018
7475.29801693
6986.07533677
6496.98975446
6008.04369586
5519.24076731
5030.58581812
4542.08467352
4053.74449715
3565.57454329
3077.58670933
2589.79987498
2102.25729561
1614.96463024
1127.8604218
641.5734124
212.143853781
6.86590748103
-9.62414450945
8466.46626079
7976.98005638
7487.68107006
6998.54522411
6509.57041648
6020.75436437
5532.09396732
5043.58455403
4555.21862525
4066.9849183
3578.86703697
3090.84127065
2602.87531791
2114.94511513
1626.95503711
1138.67837787
650.481803454
216.04639797
7.34382374619
-9.62166152159
8478.59016041
7989.13864628
7499.89800004
7010.84897922
6521.98543636
6033.30073316
5544.78556656
5056.42636221
4568.20311583
4080.08695752
3592.0366399
3103.99327005
2615.87304554
2127.57644282
1638.90560817
1149.48329234
659.11557613
219.47063031
7.6490492904
-9.61764267983
8490.51817406
8001.10159834
7511.92159097
7022.96242623
6534.21500281
6045.66930439
5557.31098545
5069.11920495
4581.06370028
4093.10118116
3605.16967059
3117.18033976
2629.00523523
2140.4753198
1651.30701076
1160.98137108
668.821538886
223.559530525
8.16694589029
-9.61545646826
8502.22016048
8012.839992
7523.72403577
7034.85987693
6546.23695519
6057.8430035
5569.66037572
5081.66352035
4593.81552945
4106.06377099
3618.33283658
3130.51448279
2642.45190174
2153.92848168
1664.61724159
1173.90349924
680.832877794
230.103057932
9.55248027423
-9.63115609998
8513.66445007
8024.32300372
7535.27509436
7046.51271517
6558.02498506
6069.79871193
5581.81531119
5094.04769924
4606.45657486
4118.98650053
3631.55849689
3144.05919116
2656.32528541
2168.12621077
1679.14182006
1188.77749363
695.955968004
240.120276609
12.0938873814
-9.69840876389
8524.81655441
8035.5183139
7546.54170218
7057.8885713
6569.54732931
6081.5056331
5593.74654391
5106.24502676
4618.96302544
4131.84989111
3644.83367038
3157.8115964
2670.63825107
2183.10536354
1694.94327744
1205.70258462
714.215529907
252.991011425
15.2580026577
-9.88796968061
8535.63956111
8046.39174813
7557.4883109
7068.95088573
6580.76636548
6092.9246686
5605.41289368
5118.21290145
4631.28771045
4144.59984521
3658.09453419
3171.69240952
2685.28886813
2198.74117292
1711.8387202
1224.46378066
735.138559815
267.736820641
18.2544806259
-10.3838897502
8546.09217247
8056.91308283
7568.07380973
7079.65863748
6591.63922292
6104.00899259
5616.76044471
5129.89611771
4643.36186267
4157.15017066
3671.23129454
3185.55458814
2700.05338668
2214.77778182
1729.44525084
1244.91542966
759.229902812
283.745218489
18.4096825819
-11.6860334901
8556.12091207
8067.07193524
7578.24517565
7089.96524874
6602.11966695
6114.70698203
5627.7165532
5141.23891192
4655.09908688
4169.38845588
3684.10053459
3199.21743648
2714.55698411
2230.6766079
1746.91750557
1264.92817557
782.187367076
304.229399435
16.6235944386
-14.9481603744
8565.7403921
8076.71842326
7587.99807722
7099.8381871
6612.16658713
6124.981712
5638.28616324
5152.09773872
4666.38542356
4181.18039757
3696.5325191
3212.60805337
2728.2966784
2246.0084564
1763.62635741
1284.9818039
809.965993442
349.402568865
-26.3789148804
-36.8358852996
8574.86947357
8085.88655045
7597.25923641
7109.22364376
6621.72420757
6134.76155645
5648.34042389
5162.46889417
4677.14737425
4192.39271435
3708.22831711
3224.6713306
2741.55603243
2260.84509902
1776.45868383
1298.13727969
816.64908884
339.412829935
39.3739514817
-16.0181263858
8583.46793737
8094.53169669
7605.98738955
7118.0739867
6630.74176459
6143.99352262
5657.8356843
5172.27636545
4687.32256389
4202.98576801
3719.27972645
3236.21605551
2753.78821209
2272.37140376
1789.89861385
1310.13360149
826.38924368
340.691933119
38.3108955358
-16.1043472724
8591.49675208
8102.60914781
7614.14040497
7126.34357843
6639.17091034
6152.62741227
5666.72153847
5181.46262933
4696.85877506
4212.91829776
3729.65005869
3247.06362327
2765.16849204
2284.02508983
1803.2084555
1324.53421432
841.217418241
370.143024662
41.2144086737
-21.2277225938
8598.91788376
8110.07750774
7621.6766922
7133.98812736
6646.96467798
6160.6139961
5674.94724424
5189.97551373
4705.70657157
4222.14579888
3739.2985149
3257.17436314
2775.79623062
2295.23472014
1815.56921977
1339.60264221
854.445469864
413.540843773
-79.3438610346
-59.5396699023
8605.69527859
8116.89837248
7628.55645317
7140.96489695
6654.07704755
6167.90422052
5682.4616741
5197.76348279
4713.8163633
4230.62122991
3748.17641607
3266.48294138
2785.55865477
2305.47695376
1826.27086634
1349.94192424
867.794131639
408.882504537
70.4392258218
-20.1975941601
8611.79628981
8123.03692998
7634.74257934
7147.23300909
6660.46256838
6174.44816741
5689.21161768
5204.77299329
4721.1374508
4238.29934449
3756.24445125
3274.95216689
2794.40019511
2314.57628331
1835.40377024
1357.38575926
877.744606894
401.780043649
74.5768179342
-14.0147330424
8617.19324997
8128.46308622
7640.20185602
7152.75406258
6666.0763163
6180.19366578
5695.13915458
5210.94516755
4727.61535593
4245.13692929
3763.48007697
3282.59566674
2802.40943895
2322.83696351
1843.74948225
1365.26557952
886.902274131
411.177542184
84.1306974099
-12.272813532
8621.86564209
8133.1533851
7644.90682211
7157.49380064
6670.87396326
6185.0842524
5700.1764291
5216.20838018
4733.18397776
4251.08204318
3769.85930235
3289.43943851
2809.68715207
2330.41322431
1851.4534382
1372.8184934
894.075115796
415.567831455
83.691848125
-12.7452222693
8625.80208757
8137.09340875
7648.83884223
7161.4247738
6674.81356958
6189.05565057
5704.23212443
5220.45881106
4737.75321921
4256.06084742
3775.34198265
3295.50065882
2816.32591709
2337.4317307
1858.592772
1379.68522636
900.023596216
417.445271613
79.4557719292
-16.5386004219
8629.00347741
8140.28164753
7651.99300114
7164.53333936
6677.86377916
6192.04036006
5707.16571917
5223.44758927
4741.03538664
4259.8630067
3779.77006598
3300.70356149
2822.42381366
2344.04245872
1865.40228824
1386.60856556
907.150397648
427.198608302
60.9794107972
-30.4771882901
8631.48647069
8142.73324687
7654.38412826
7166.83098431
6680.03862105
6194.08793119
5709.08124725
5225.45766647
4743.5512298
4262.72013922
3783.11535024
3304.846844
2828.11016834
2350.20289938
1871.89063601
1393.21543832
911.732169253
440.665551775
-123.368661931
-106.349750206
8633.27809383
8144.47389181
7656.03325069
7168.3071321
6681.23810233
6194.90204572
5709.33393628
5225.13908089
4743.6610585
4264.11387798
3785.71637836
3309.07195497
2834.83050167
2356.39542237
1878.91889787
1404.74088555
936.377543327
477.086021186
109.349114803
-42.343565048
8634.42834968
8145.57542498
7657.04675746
7169.14508586
6681.71835875
6194.7765446
5707.28106217
5221.10209556
2843.68780743
2362.46503036
1883.45975023
1406.72666119
929.172016663
448.368522796
48.4601640678
-52.9039328796
8634.97672135
8146.08951292
7657.49681441
7169.4707574
6681.83758705
6194.61800801
5706.72051571
5219.70673816
2849.25208262
2365.32742629
1885.92452715
1409.08394393
926.947255775
454.667966268
-137.829583655
-175.927560602
8634.97692673
8146.08970415
7657.49700062
7169.47090787
6681.83733751
6194.61808301
5706.72057998
5219.70676189
2849.25250602
2365.32793988
1885.92515185
1409.08452698
926.947595365
454.668034069
-137.830274712
-175.931042675
8634.42894928
8145.57599063
7657.04734301
7169.14581825
6681.71965856
6194.77712621
5707.28127577
5221.10206565
2843.68895652
2362.4664104
1883.46132778
1406.72822711
929.173162384
448.369104637
48.4601481943
-52.9053655817
8633.27904964
8144.474794
7656.03414261
7168.30808839
6681.23917026
6194.90287722
5709.33455147
5225.13951586
4743.66136731
4264.11391998
3785.71629492
3309.07189815
2834.83079977
2356.39614688
1878.92013065
1404.74250864
936.37903711
477.087228681
109.348462875
-42.3457553612
8631.48770711
8142.73443863
7654.38528266
7166.83212685
6680.03969818
6194.08877591
5709.08182846
5225.45796739
4743.55132029
4262.72006938
3783.11518821
3304.84674052
2828.11030713
2350.20338788
1871.89148417
1393.21670654
911.733274529
440.665296229
-123.36905478
-106.361113182
8629.00492998
8140.28309421
7651.994434
7164.53473287
6677.86503586
6192.04135133
5707.16639263
5223.44793085
4741.03543461
4259.8628071
3779.76970249
3300.70316212
2822.42354584
2344.04246388
1865.40259299
1386.60936956
907.151259605
427.19882175
60.9815145789
-30.477481499
8625.80374574
8137.09512723
7648.84058756
7161.42646783
6674.8150548
6189.05679684
5704.23289615
5220.45918554
4737.75320483
4256.0604849
3775.34135574
3295.49988634
2816.32517405
2337.43120423
1858.59256316
1379.68557109
900.024159873
417.446052733
79.4562282188
-16.5386700904
8621.86758895
8133.15545296
7644.90892975
7157.49579035
6670.87567432
6185.08555529
5700.17730131
5216.20880114
4733.18392893
4251.08155687
3769.85846881
3289.43839277
2809.6860798
2330.41233167
1851.45286862
1372.81847298
894.075453205
415.568561193
83.6920865573
-12.7451642032
8617.19563137
8128.46548515
7640.20419545
7152.75628184
6666.07824458
6180.1951712
5695.14012509
5210.94565018
4727.61533117
4245.13641133
3763.47916228
3282.59449402
2802.4081906
2322.83584756
1843.74866573
1365.26526682
886.902457635
411.178185973
84.1309691498
-12.2727932988
8611.79899248
8123.03957301
7634.74511423
7147.23533928
6660.46460704
6174.4497792
5689.2127668
5204.77364946
4721.13755433
4238.29891781
3756.24359686
3274.95101123
2794.39890205
2314.57505416
1835.40280354
1357.38523294
877.744786352
401.780600968
74.5769422213
-14.014720827
8605.69827117
8116.90121581
7628.55910943
7140.96732892
6654.07918357
6167.90600283
5682.46302269
5197.76433253
4713.81667164
4230.62101698
3748.17576939
3266.48198368
2785.55748915
2305.47576106
1826.26984801
1349.9411286
867.794692606
408.883457572
70.4392789528
-20.1975907703
8598.92115861
8110.08054946
7621.67947125
7133.99065049
6646.96694722
6160.61597013
5674.9488286
5189.97661517
4705.70715515
4222.14588038
3739.29820026
3257.17371939
2775.79531858
2295.23367082
1815.56821731
1339.60166674
854.445541584
413.540835227
-79.344455214
-59.5397060556
8591.50031674
8102.61242025
7614.14335855
7126.34625784
6639.17334864
6152.62958333
5666.723356
5181.46400471
4696.8596833
4212.91874077
3729.65012737
3247.063371
2765.1679183
2284.02427122
1803.20753243
1324.53332579
841.217135268
370.142535333
41.2140008002
-21.2277353724
8583.47174525
8094.53522669
7605.99060616
7118.07691608
6630.74442859
6143.9959167
5657.83775092
5172.27804633
4687.32382736
4202.9866051
3719.28021168
3236.21621269
2753.78804124
2272.37085617
1789.89784857
1310.1331038
826.389018276
340.691713383
38.3108278632
-16.1043353591
8574.87349795
8085.8903606
7597.26275686
7109.22690027
6621.72717494
6134.76422786
5648.34279648
5162.4709259
4677.1490241
4192.39396256
3708.2291937
3224.67183465
2741.55640327
2260.84485161
1776.45770935
1298.13776636
816.649292499
339.4125698
39.3738800224
-16.0180427791
8565.74460613
8076.72252497
7588.00193351
7099.84182218
6612.16995852
6124.98477954
5638.28893289
5152.10018012
4666.38749212
4181.18206474
3696.53373267
3212.60854705
2728.29817188
2246.00902645
1763.62640831
1284.98203892
809.966337359
349.402672463
-26.3776661412
-36.8355418936
8556.12532866
8067.0763449
7578.2493849
7089.96931285
6602.12351355
6114.71055713
5627.71983737
5141.24184614
4655.10165623
4169.39066089
3684.10239047
3199.21896435
2714.55848528
2230.67764044
1746.9180738
1264.92845216
782.18747993
304.229236697
16.6235186384
-14.9480857881
8546.09689574
8056.91783817
7568.07846666
7079.66317705
6591.64360285
6104.01315134
5616.76429991
5129.89961452
4643.36499794
4157.15295222
3671.23374493
3185.55674642
2700.05526557
2214.77924424
1729.44621857
1244.91592859
759.230031648
283.744901922
18.4095398943
-11.6860230584
8535.64472063
8046.39696345
7557.49349024
7068.95597966
6580.77132981
6092.9294352
5605.41736592
5118.21701821
4631.29145638
4144.60322616
3658.09756425
3171.69511632
2685.29120335
2198.74304946
1711.84005759
1224.46457128
735.138807734
267.736542404
18.2543559171
-10.3838857511
8524.82227292
8035.52411125
7546.54749143
7057.89430198
6569.55294438
6081.51104551
5593.75167039
5106.24980646
4618.96742027
4131.85389966
3644.8372947
3157.81484809
2670.64106417
2183.10764713
1694.94498497
1205.70369483
714.215999477
252.990831133
15.257899492
-9.88796859247
8513.67086638
8024.32949717
7535.2815876
7046.51915198
6558.0312993
6069.80482689
5581.82114496
5094.05318002
4606.46165972
4118.99117614
3631.56274851
3144.06301256
2656.32859708
2168.12892844
1679.14390181
1188.77890664
695.956644547
240.120147995
12.0937561805
-9.69840797705
8502.22737758
8012.8472717
7523.73131455
7034.867092
6546.24403934
6057.84989216
5569.66698296
5081.66975975
4593.82135743
4106.06916317
3618.33775714
3130.51890036
2642.45574052
2153.9316616
1664.61971049
1173.90520932
680.833832033
230.102989704
9.55227071603
-9.63115330427
8490.52626002
8001.10975258
7511.9297428
7022.97050472
6534.22293968
6045.67703963
5557.31843872
5069.1262771
4581.0703374
4093.10735179
3605.17531096
3117.18539447
2629.00962735
2140.47896594
1651.30985051
1160.98339952
668.822848473
223.55969212
8.16663138185
-9.61545218998
8478.59918957
7989.14775607
7499.90710937
7010.85800952
6521.99432111
6033.30940282
5544.79393914
5056.43433932
4568.21063454
4080.09397
3592.04305304
3103.99900236
2615.87801241
2127.58055581
1638.9087883
1149.48549805
659.116809294
219.470749871
7.64895996245
-9.61764241847
8466.47631909
7976.99020944
7487.69122662
6998.55530547
6509.58034304
6020.76405137
5532.10333089
5043.59350912
4555.22710483
4066.99284091
3578.87428468
3090.84773724
2602.88090218
2114.94971029
1626.95856698
1138.68079361
650.483076421
216.04648308
7.34373115055
-9.62166098206
8454.18723089
7964.66538803
7475.30930661
6986.08654634
6497.00079587
6008.05448136
5519.25121354
5030.59584166
4542.09419105
4053.7533984
3565.58268959
3077.59396909
2589.80612176
2102.26241197
1614.96854114
1127.86307777
641.57480831
212.143936117
6.86571139582
-9.62414139611
8441.76167595
7952.20348888
7462.78880158
6973.47603384
6484.27514401
5995.19328079
5506.2406308
5017.43120029
4528.78345539
4040.32179643
3552.07885794
3064.09864676
2576.44436992
2089.21227542
1602.48756242
1116.35595792
631.505523067
207.079839438
6.00048121304
-9.62260071425
8429.23150275
7939.63501848
7450.15809877
6960.74906397
6471.4240538
5982.19456809
5493.07661288
5004.09216927
4515.27053822
4026.65059724
3538.28417317
3050.24093837
2562.61769356
2075.54927507
1589.18329384
1103.71187027
619.674926694
200.308151127
4.64322979589
-9.6147809408
8416.62986924
7926.99227474
7437.44785675
6947.93349851
6458.47136116
5969.07648166
5479.76947844
4990.57853259
4501.54116557
4012.70694507
3524.14137081
3035.93140423
2548.19452226
2061.08925148
1574.81795182
1089.75433438
605.856012589
191.640069506
2.77088918779
-9.60180124643
8403.9931738
7914.31085759
7424.69235645
6935.06131953
6445.44581991
5955.8633234
5466.33754457
4976.90071507
4487.59556
3998.47813672
3509.62170533
3021.12172871
2533.10204425
2045.71563077
1559.11110115
1073.34306323
589.832022809
181.186745245
0.50948058289
-9.58695485674
8391.36145633
7901.63019034
7411.93017679
6922.16956799
6432.38230631
5942.58705544
5452.80895486
4963.0819958
4473.45101203
3983.97445451
3494.72809681
3005.80981104
2517.34581653
2029.49571243
1542.4465362
1056.34966647
572.169496949
169.35516933
-1.9249056715
-9.57396113525
8378.77883158
7888.99396381
7399.20469893
6909.30092531
6419.32253161
5929.28814524
5439.22264493
4949.15951938
4459.14272549
3969.22922953
3479.49236826
2990.02624243
2500.95216932
2012.42912303
1524.68097935
1037.79184822
552.747924904
156.526708928
-4.33308378296
-9.56996131052
8366.29365879
7876.45033881
7386.56431244
6896.50392307
6406.31526587
5916.01579175
5425.62852382
4935.18434901
4444.72361756
3954.29828552
3463.97472526
2973.83700747
2483.99065442
1994.56126598
1505.66709937
1017.82529996
531.682867753
142.982669746
-6.60006475728
-9.57632450566
8353.95846599
7864.05187872
7374.06230662
6883.8328021
6393.41614629
5902.82762127
5412.08699048
4921.22073332
4430.26323538
3939.25847008
3448.26216351
2957.34473961
2466.59587353
1976.13178634
1486.08987471
996.716311067
509.328534404
128.788105062
-8.75758766095
-9.59525355579
8341.82963449
7851.85522908
7361.75651496
6871.34703063
6380.68706843
5889.78887478
5398.66786492
4907.34466418
4415.84583928
3924.20487957
3432.46345265
2940.67258071
2448.89522987
1957.20959783
1465.70056448
974.494117229
485.44178823
114.987727722
-9.04738295594
-9.57881459923
8329.96689889
7839.92058462
7349.70863366
6859.11055091
6368.1951885
5876.97115199
5385.44874666
4893.64180049
4401.56788327
3909.24856157
3416.70948863
2923.97966687
2431.09108359
1938.07991845
1445.01210519
951.974000198
461.374674043
101.984101507
-9.06799008167
-9.5748285619
8318.43260128
7828.31095077
7337.98342693
6847.19078551
6356.01172865
5864.45085976
5372.5129751
4880.20468331
4387.53417813
3894.5108957
3401.14460698
2907.44343513
2413.41238832
1919.05739047
1424.41996304
929.712463035
438.044481733
90.0296809134
-9.06076606321
-9.57220421603
8307.29078566
7817.09128706
7326.64765041
6835.65741261
6344.21049785
5852.30736709
5359.94724471
4867.12956554
4373.85343274
3880.11685698
3385.91521547
2891.23810396
2396.06630268
1900.37139413
1404.12413347
907.954079081
414.895649397
79.1902525704
-9.05702376907
-9.56430796236
8296.6064417
7806.32752812
7315.76902363
6824.58118799
6332.86646954
5840.6212468
5347.83936449
4854.5134687
4360.63430001
3866.18974841
3371.16295071
2875.52902737
2379.25192635
1882.28578319
1384.5902862
887.536693211
393.427118256
69.4538964915
-9.05632218848
-9.5595070869
8286.44435286
7796.08572414
7305.41516162
6814.03273128
6322.05438572
5829.47262198
5336.27626288
4842.45174297
4347.98237726
3852.84720796
3357.01976184
2860.4639739
2363.1334253
1864.97431578
1365.94753521
868.543670319
373.804386776
60.7865567963
-9.05499992434
-9.55695829771
8276.86824487
7786.43098786
7295.65253894
6804.08139733
6311.8474951
5818.93974132
5325.34237528
4831.03626564
4335.9980668
3840.19966269
3343.60632642
2846.17350823
2347.8485917
1848.57544349
1348.32828856
850.637683969
355.872166568
53.1451424512
-9.05264494855
-9.55623247891
8267.93973766
7777.42655905
7286.54551776
6794.79423918
6302.31644715
5809.09780342
5315.11842129
4820.3541686
4324.77601348
3828.34947388
3331.03262229
2832.77432491
2333.51629295
1833.20084914
1331.81862212
833.548980526
339.465632497
46.4740101626
-9.04976730734
-9.55611005141
8259.71750694
7769.13290911
7278.15546428
6786.23510072
6293.52836017
5800.01802045
5305.68051345
4810.48727594
4314.40426918
3817.39130479
3319.40040533
2820.37339049
2320.24606512
1818.95532917
1316.50062734
817.219074724
324.17209917
40.7611887168
-9.04566542793
-9.55572029873
8252.25647759
7761.60695661
7270.54000309
6778.46386001
6285.54606183
5791.76688347
5297.09950938
4801.51151152
4304.96434276
3807.4128305
3308.80325241
2809.07097769
2308.14524014
1805.95535601
1302.50808494
801.955757546
310.291830599
35.8939136236
-9.04104063157
-9.55529171564
8245.6070523
7754.90131167
7263.7523097
6771.53571569
6278.42736451
5784.40544088
5289.44032036
4793.49617886
4296.53053337
3798.49374483
3299.32708653
2798.96013667
2297.31649126
1794.31954079
1289.98978114
788.11519464
298.192301814
31.7985932086
-9.03687237354
-9.55495519233
8239.81416519
7749.06326529
7257.84019661
6765.5002716
6272.22412457
5777.98835307
5282.76097056
4786.50320045
4289.16912793
3790.70522369
3291.04839758
2790.12375521
2287.85099771
1784.15074315
1279.06288041
775.923833591
287.878398677
28.422574701
-9.03356988793
-9.55472961135
8234.91639504
7744.13350716
7252.84528226
6760.40069758
6266.98136923
5772.56304709
5277.11183138
4780.58639255
4282.93784095
3784.10925611
3284.0338813
2782.63329831
2279.8246825
1775.52874362
1269.80836216
765.550927672
279.278727799
25.6963666831
-9.03139220151
-9.55440165647
8230.94629581
7740.14455359
7248.8041637
6756.27453479
6262.73799431
5768.17052527
5272.5365928
4775.79258563
4277.8869807
3778.75995712
3278.34133606
2776.54975813
2273.30006777
1768.51390938
1262.28397199
757.164796375
272.316263246
23.5690302219
-9.02825881525
-9.55506328461
8227.88336478
7737.1170663
7245.75712319
6753.15900012
6259.53138383
5764.85004741
5269.07699885
4772.16623499
4274.06387957
3774.70758815
3274.02435445
2771.92981967
2268.33424621
1763.15150733
1256.50466511
750.942524211
266.663927473
21.7577389619
-9.04324181402
-9.54946308056
8226.18273551
7735.36454531
7243.96920943
6751.30752937
6257.63140812
5762.88580048
5267.02700397
4770.00718544
4271.7704658
3772.25173905
3271.37514007
2769.0581427
2265.22136106
1759.75506636
1252.72209628
747.767417479
264.078044558
21.3753722804
-9.02220955258
-9.55669379749
8224.96238182
7734.12269214
7242.71891053
6749.9432576
6256.20771859
5761.3923384
5265.46197861
4768.36960445
4270.05773888
3770.45742893
3269.48436606
2767.03459341
2262.97797846
1757.19973256
1249.53104569
749.292633023
260.491000654
18.6177473931
-9.01679814411
-9.54375014353
)
;
    }
    atmosphere
    {
        type            calculated;
        value           nonuniform List<scalar> 
100
(
-9.81169901453
-9.81
-9.81000001664
-9.81
-9.81
-9.81
-9.81
-9.81
-9.81000000008
-9.81000002207
-9.8100050806
-9.81000023894
-9.81000387941
-9.8100178055
-9.81003065795
-9.81000000023
-9.81
-9.81
-9.81118966136
-9.81154041511
-9.81237436246
-9.81363521034
-9.81518308858
-9.81681132283
-9.81800694369
-9.81855484121
-9.81852556627
-9.81797791981
-9.81647295648
-9.81508543247
-9.8157702486
-9.82180242285
-9.84488160484
-9.90762802345
-9.95805239578
-378.726705505
-9.92928744696
-10.1606493607
-9.98045891456
-1004.04099564
-9.91286482961
-9.91141760114
-9.85550897352
-9.86160846119
-9.94435510782
-10.0517006517
-1688.14243522
-10.3445008774
-10.8521766604
-2052.58801076
-2052.62083232
-10.8522126608
-10.344553914
-1688.17919987
-10.0516454283
-9.94434722812
-9.86160604589
-9.85550782495
-9.91141645257
-9.91286299229
-1004.04528966
-9.98045967794
-10.1606506159
-9.92928789886
-378.716353623
-9.9580532801
-9.90762794654
-9.84488161209
-9.82180251711
-9.81577033744
-9.81508538402
-9.81647278731
-9.81797811937
-9.81852566774
-9.81855460799
-9.81800688254
-9.81681131257
-9.81518309348
-9.81363521235
-9.81237444618
-9.81154042102
-9.81118969683
-9.81
-9.81
-9.81000000023
-9.810030651
-9.81001780085
-9.81000387826
-9.81000023849
-9.81000508241
-9.81000002208
-9.81000000008
-9.81
-9.81
-9.81
-9.81
-9.81
-9.81000001665
-9.81
-9.81169893532
)
;
    }
    floatingObject
    {
        type            calculated;
        value           nonuniform List<scalar> 
16
(
4743.6610585
4264.11387798
3785.71637836
3309.07195497
4976.2935358
3088.49735001
4974.89816479
3094.06169759
4974.89820401
3094.06226399
4976.29350219
4743.66136731
4264.11391998
3785.71629492
3088.49874501
3309.07189815
)
;
    }
}


// ************************************************************************* //
