/*--------------------------------*- C++ -*----------------------------------*\
| =========                 |                                                 |
| \\      /  F ield         | OpenFOAM: The Open Source CFD Toolbox           |
|  \\    /   O peration     | Version:  v2012                                 |
|   \\  /    A nd           | Website:  www.openfoam.com                      |
|    \\/     M anipulation  |                                                 |
\*---------------------------------------------------------------------------*/
FoamFile
{
    version     2.0;
    format      ascii;
    class       volScalarField;
    location    "2.1";
    object      p;
}
// * * * * * * * * * * * * * * * * * * * * * * * * * * * * * * * * * * * * * //

dimensions      [1 -1 -2 0 0 0 0];


internalField   nonuniform List<scalar> 
1984
(
8388.23922308
7898.93339219
7409.86396737
6921.06544119
6432.56796021
5944.4016374
5456.59115149
4969.16856845
4482.17582968
3995.65303397
3509.66895159
3024.28856813
2539.58551501
2055.64973677
1572.60903789
1090.61929986
610.067493167
195.659446114
3.54265381167
-11.3850385604
8387.88874936
7898.57735634
7409.49139914
6920.66538557
6432.13355205
5943.92437424
5456.06272816
4968.58109465
4481.51981827
3994.91643661
3508.83765111
3023.34790815
2538.51782298
2054.43093302
1571.22601739
1089.00247851
607.93321825
192.995338144
3.09569486045
-10.0979771523
8387.29586676
7897.97235063
7408.85739316
6919.98669176
6431.39434343
5943.10728464
5455.15051877
4967.55826009
4480.366553
3993.61298602
3507.35765245
3021.66778579
2536.61444997
2052.28312525
1568.80032943
1086.25227305
604.813998602
191.159532753
3.38135768403
-9.7949834708
8386.45248415
7897.11177247
7407.95441306
6919.01910796
6430.33855431
5941.9378051
5453.8423563
4966.08409192
4478.70292354
3991.7266555
3505.21188622
3019.2289108
2533.85132625
2049.16592768
1565.28512942
1082.30958652
600.396025174
188.203394902
2.78608231697
-9.67233798014
8385.37012341
7896.00268705
7406.78975428
6917.7706464
6428.97559182
5940.42749259
5452.15001789
4964.17407036
4476.53436289
3989.27026678
3502.42101843
3016.05325444
2530.25060463
2045.10244756
1560.71390017
1077.21043422
594.695185899
184.107722871
1.74970240747
-9.57738159665
8384.07412451
7894.6724152
7405.39289258
6916.27277409
6427.33972618
5938.61384616
5450.11619971
4961.87494431
4473.92078841
3986.29162462
3499.03302018
3012.19875264
2525.87226941
2040.15013639
1555.14030864
1071.01950509
587.917186855
179.554894882
0.679873408845
-9.53261209546
8382.59689347
7893.15537903
7403.79953974
6914.56358858
6425.47221786
5936.54223904
5447.79121155
4959.24339422
4470.92620855
3982.87338946
3495.12887928
3007.74188184
2520.78890917
2034.36880827
1548.58940011
1063.68436096
579.905569649
174.767072375
0.0124473869443
-9.47787365068
8380.97612416
7891.49030379
7402.05029053
6912.68627978
6423.41979651
5934.26393903
5445.23198611
4956.34350334
4467.62064594
3979.09220515
3490.79470304
3002.7730859
2515.0916735
2027.83993069
1541.10462462
1055.0933917
569.90443132
167.250106709
-1.71454022485
-9.54455712175
8379.25358754
7889.72025747
7400.19008959
6910.68877456
6421.23434702
5931.8358636
5442.5018323
4953.24557209
4464.08315936
3975.03488107
3486.12894771
2997.40048065
2508.89899943
2020.69682353
1532.85490195
1045.54965204
558.832507554
159.721690244
-3.08750248942
-9.57711397081
8377.47455847
7887.89168013
7398.26751716
6908.62274958
6418.9720491
5929.31983371
5439.66910136
4950.02623524
4460.39903173
3970.7988181
3481.24104484
2991.74867108
2502.35273658
2013.10377758
1524.037438
1035.29106924
546.914444757
151.804161633
-4.44355404289
-9.5981719406
8375.68658901
7886.05327239
7396.33335393
6906.5427405
6416.69202571
5926.78080593
5436.8060919
4946.76651861
4456.66090979
3966.48860837
3476.25208212
2985.95712152
2495.6144204
2005.24843746
1514.86750527
1024.55050305
534.313527975
143.482504849
-5.70697006491
-9.68043051686
8373.93797546
7884.25475443
7394.43961834
6904.50423888
6414.45482735
5924.28580771
5433.98783743
4943.55153773
4452.96553628
3962.2167051
3471.29116813
2980.17691125
2488.86172366
1997.34091742
1505.59355292
1013.63102317
521.399252233
135.14160226
-6.68061713099
-9.60480368496
8372.27700003
7882.54526522
7392.63812194
6902.56284896
6412.32113158
5921.9021948
5431.29042048
4940.46805122
4449.41298569
3958.09846171
3466.49437776
2974.56788605
2482.2830685
1989.60500431
1496.48471407
1002.87321784
508.601798015
126.958207686
-7.4797010478
-9.58914218716
8370.75116097
7880.97345409
7390.97999583
6900.77297279
6410.35015209
5919.69593045
5428.78836344
4937.60138106
4446.10204512
3954.25071869
3461.99929865
2969.2936862
2476.07182662
1982.26747352
1487.80749771
992.614559107
496.44441064
119.301611455
-8.13623720551
-9.59199481293
8369.405685
7879.58599377
7389.51334046
6899.18619488
6408.59818812
5917.72941443
5426.55236215
4935.03307656
4443.12899166
3950.78664532
3457.94206296
2964.51747653
2470.42354956
1975.55777946
1479.81426405
983.109523778
485.236256924
112.485361541
-8.6712820067
-9.63300381069
8368.28111944
7878.424242
7388.28197697
6897.84912673
6407.11637245
5916.05972253
5424.64720184
4932.83865335
4440.58205547
3947.81321713
3454.45075912
2960.39732784
2465.53274095
1969.71452444
1472.77447969
974.529222607
474.827529567
105.836235813
-9.07534332051
-9.76296334113
8367.41222512
7877.524007
7387.32331072
6896.80211296
6405.9484976
5914.73620591
5423.12925395
4931.08258217
4438.53856043
3945.42224429
3451.64143705
2957.07876063
2461.58811475
1964.98502343
1467.02838593
967.413332133
466.586892759
101.31114684
-9.30347874932
-9.90803963844
8366.82990442
7876.91652594
7386.66954446
6896.07856009
6405.13137602
5913.79859607
5422.04316207
4929.81729629
4437.05891343
3943.6883976
3449.60522743
2954.68199219
2458.75509953
1961.61525943
1462.98404183
962.516282543
460.859337359
98.1176906859
-9.4258836725
-10.0188207252
8366.56051119
7876.62730045
7386.3469528
6895.70601579
6404.69201088
5913.27588233
5421.42061018
4929.07742899
4436.1835814
3942.65895452
3448.40192843
2953.28219784
2457.13211672
1959.73439717
1460.80326415
960.019814101
457.831708715
96.3245049612
-9.45800878453
-10.0685567058
8366.62065795
7876.67370549
7386.37264921
6895.7010959
6404.64850905
5913.18655305
5421.27952696
4928.88091634
4435.93090865
3942.35395085
3448.05338347
2952.90522247
2456.74961705
1959.37751884
1460.51188883
959.857496937
457.566606311
96.0266357664
-9.40676000072
-9.99455305107
8367.02184783
7877.06700897
7386.75673219
6896.07380799
6405.00970049
5913.53722231
5421.62396903
4929.22847852
4436.29729119
3942.76465947
3448.54443758
2953.52807453
2457.57525478
1960.50553394
1462.07145612
962.011586445
460.260215939
97.5616552951
-9.29893273089
-9.87987719869
8367.77030806
7877.81285799
7387.50449361
6896.82766358
6405.7751791
5914.32357332
5422.44499128
4930.10527466
4437.25991984
3943.85470367
3449.82309125
2955.07785722
2459.50988646
1962.98535656
1465.31229859
966.298922964
465.666206924
100.741966141
-9.14722972704
-9.75765162443
8368.86520371
7878.90906177
7388.61344996
6897.95733635
6406.93711736
5915.53302746
5423.72361445
4931.48112578
4438.77405087
3945.56394444
3451.8058953
2957.43833945
2462.39396749
1966.59387815
1469.93012333
972.301605812
473.334015327
105.381182556
-8.9559075926
-9.6503188415
8370.30129937
7880.3486498
7390.0760862
6899.45227667
6408.48091154
5917.14512614
5425.42956152
4933.3152439
4440.783158
3947.81310502
3454.38439591
2960.45998341
2466.01898786
1971.04308597
1475.51445635
979.425254175
482.595513105
111.319701953
-8.76597806598
-9.59954324515
8372.07270269
7882.11976851
7391.88198586
6901.29782835
6410.38667574
5919.13323644
5427.52798809
4935.56080331
4443.22186883
3950.51040449
3457.443783
2963.97980686
2470.15678552
1976.01424746
1481.6167608
987.016842588
492.379818131
117.599290515
-8.64334966837
-9.57695391543
8374.17748513
7884.1945059
7394.0151256
6903.47723552
6412.63219352
5921.46944822
5429.98275012
4938.16816142
4446.02287926
3953.54919262
3460.88332192
2967.83870089
2474.58480431
1981.20650908
1487.83612714
994.502841103
501.730509775
123.290805208
-8.67909615196
-9.56185163111
8376.55836506
7886.61374574
7396.44329249
6905.9643752
6415.19279724
5924.12555643
5432.76094388
4941.10102885
4449.15354638
3956.93877455
3464.50702226
2971.8610421
2479.09931991
1986.3566497
1493.91990408
1001.34879638
510.163632376
128.06351596
-8.93206366641
-9.55565637414
8379.22742646
7889.31089854
7399.1648691
6908.74232855
6418.04579731
5927.07426554
5435.82844754
4944.31282982
4452.53892076
3960.52962589
3468.3237663
2975.96827467
2483.55713937
1991.23567753
1499.21170844
1007.65047199
517.560193929
132.401090816
-9.0836937953
-9.55159293293
8382.16696053
7892.27219028
7402.15782434
6911.79165014
6421.1701409
5930.2921635
5439.15825557
4947.77263697
4456.14601698
3964.2991345
3472.26584242
2980.09734083
2487.87962056
1995.74891395
1503.91138535
1012.70798039
523.006712899
135.744680535
-9.12278933008
-9.553065805
8385.3571972
7895.48042159
7405.40184044
6915.09279391
6424.54623529
5933.75942323
5442.73068803
4951.46145622
4459.95828346
3968.23511875
3476.31610324
2984.24000399
2492.06867564
1999.90059445
1507.88542831
1016.31900274
525.866281077
137.184559172
-9.1119323433
-9.54928656425
8388.775044
7898.91750862
7408.87609678
6918.62635613
6428.15616445
5937.4601399
5446.53303828
4955.37124146
4463.97401901
3972.34509577
3480.49496295
2988.44172208
2496.20870749
2003.82722996
1511.32478933
1018.80652166
526.299755503
136.405659742
-9.11037003673
-9.53992964418
8392.39781851
7902.56042382
7412.5605501
6922.37364334
6431.98376676
5941.38177852
5450.55750903
4959.50060342
4468.20141348
3976.65274771
3484.85008489
2992.78859991
2500.45615949
2007.81092007
1514.73312358
1021.03248121
525.679039945
134.03618211
-9.09279720131
-9.54450152752
8396.20146069
7906.38650981
7416.43270407
6926.31510287
6436.0133282
5945.51396972
5454.80053995
4963.85415676
4472.65568176
3981.18685931
3489.42849476
2997.36112372
2504.95816637
2012.14894812
1518.75122528
1024.23532555
526.925063547
132.223000043
-9.03259902123
-9.5641712529
8400.15967539
7910.36990205
7420.46876982
6930.42975405
6440.2281842
5949.84564695
5459.2589848
4968.44022931
4477.35844357
3985.97993843
3494.27123328
3002.20461821
2509.75981194
2016.91542566
1523.66195087
1029.69403633
534.287712065
135.68633416
-8.97302173059
-9.58882451137
8404.24174928
7914.48161141
7424.64138167
6934.69336317
6444.60895072
5954.36440459
5463.92958989
4973.2670178
4482.33169132
3991.0733034
3499.44139504
3007.39377007
2514.91663079
2022.04601239
1529.04613683
1036.53165505
545.900804586
147.320576577
-8.70477578342
-9.60449810311
8408.41293674
7918.68783356
7428.91893929
6939.07748126
6449.13162252
5959.0536099
5468.80601373
4978.34047135
4487.59710581
3996.50399658
3504.98167849
3012.95318456
2520.3658708
2027.2207355
1533.87123449
1041.42917124
552.154481644
156.069861477
-5.15351035806
-9.59503908992
8412.63532304
7922.95026856
7433.26436285
6943.54788385
6453.76675683
5963.89013786
5473.87467986
4983.66230051
4493.1769443
4002.32152338
3510.97781007
3019.01071109
2526.29703745
2032.75644425
1538.54812971
1043.98092692
550.282800077
149.343197283
-8.92923401778
-9.60244365703
8416.86366453
7927.22525481
7437.63444096
6948.06277624
6458.47561957
5968.84067021
5479.1121941
4989.22556468
4499.09140112
4008.58924934
3517.5562333
3025.77275708
2532.96347158
2038.79130173
1542.92575594
1044.3621146
542.463706184
140.065252325
-9.26682842603
-9.58782633223
8421.04644203
7931.46073057
7441.97757283
6952.57097774
6463.20771294
5973.85841105
5484.47862679
4995.00284811
4505.33559807
4015.34144189
3524.82237775
3033.48493447
2540.91497336
2046.46013944
1549.00643011
1046.35892781
535.987093679
128.525298117
-9.09535085901
-9.59328442105
8425.12690062
7935.5991381
7446.23437585
6957.01090446
6467.89993611
5978.87865297
5489.91032557
5000.93605194
4511.86632437
4022.56827993
3532.84112132
3042.37702188
2550.72634862
2057.0279285
1559.55828474
1054.05352738
530.486484247
109.427645146
-8.83086854724
-9.61109107144
8429.04588264
7939.57895958
7450.33946735
6961.3115111
6472.47487788
5983.81711854
5495.31543277
5006.92871867
4518.58394938
4030.16574447
3541.49855697
3052.31863656
2562.27825955
2070.80396575
1577.13635354
1080.22209625
578.894436398
157.940107932
-8.53096413736
-9.48552181182
8432.739422
7943.33392522
7454.22106298
6965.39369268
6476.84149613
5988.56949073
5500.57595782
5012.84780591
4525.34203019
4037.97793082
3550.63228449
3063.12499553
2575.26447504
2086.85335116
1598.18376924
1110.9234695
621.803626975
191.335835914
-5.77448888837
-9.57321710824
8436.14306597
7946.79642173
7457.80473815
6969.17042833
6480.8983434
5993.0133507
5505.54284764
5018.5139058
4531.92752808
4045.74212836
3559.88651319
3074.24349456
2588.63098957
2102.70318559
1615.99914955
1126.92209605
642.342942586
208.838334928
-1.09889295239
-9.6413366818
8439.19622728
7949.9012417
7461.01603945
6972.55401185
6484.53537479
5997.01085866
5510.04266311
5023.71394889
4538.08951102
4053.15993515
3568.92028197
3085.33870439
2602.27359189
2119.32939102
1636.35409384
1153.22362764
672.222294357
225.939253384
2.26055472598
-9.6778235319
8441.84686666
7952.59178349
7463.78837692
6975.46109871
6487.64518611
6000.4210896
5513.88902574
5028.20375845
4543.52909441
4059.87004316
3577.29302663
3095.9547441
2615.78426443
2135.98309926
1656.99912822
1179.89051461
705.955153634
243.508640544
3.52885888308
-9.84518390838
8444.05569132
7954.82450296
7466.06940073
6977.82077498
6490.1257594
6003.09148263
5516.85762136
5031.6672581
4547.91280959
4065.44228086
3584.46702552
3105.48120838
2628.83873092
2151.81634401
1675.56835142
1199.16428817
717.194769108
252.657505823
3.04783200205
-10.4914366379
8445.80048018
7956.57514224
7467.82990467
6979.59413983
6491.91375703
6004.88664339
5518.62024983
5033.53327895
4550.9332186
4069.43678459
3589.70992239
3113.0184017
2641.23442661
2166.97299475
1695.78704083
1226.90516439
766.361619993
328.76578301
45.2845379621
-12.7479788882
8447.07697081
7957.83993887
7469.06835689
6980.78884975
6493.06627769
6006.07383064
5519.84271206
5034.69831177
4552.54980992
4071.40792701
3591.84441263
3114.05814108
2652.07594983
2178.68058221
1704.66563395
1235.24949219
767.481267258
322.728860286
34.1367725506
-14.1350319706
8447.90019694
7958.6340572
7469.78753727
6981.32783731
6493.15785015
6005.16115043
5517.21169142
5028.0130947
2675.57229503
2192.64181116
1716.00906631
1245.69848305
773.218418357
316.998821471
13.8877138485
-20.9728392967
8448.30356508
7959.02318639
7470.14556375
6981.63397457
6493.4165018
6005.44771752
5517.30073913
5028.63288482
2685.83368054
2200.60617688
1725.34930861
1259.5536229
789.529425551
360.229687245
-62.076969894
-65.8311712056
8448.30098983
7959.02076815
7470.14339385
6981.63204162
6493.41466607
6005.44572445
5517.29845262
5028.63022318
2685.82894724
2200.60138691
1725.34507773
1259.54995238
789.526796715
360.230437874
-62.0968450132
-65.8394628858
8447.89253425
7958.62680068
7469.78092802
6981.32187199
6493.15222544
6005.15519633
5517.20487212
5028.00464064
2675.55791332
2192.62668088
1715.99358706
1245.6854579
773.212712581
317.00023547
13.8870254317
-20.9742883826
8447.06449234
7957.82795684
7469.05718044
6980.77843771
6493.05619623
6006.06338523
5519.83059838
5034.6825257
4552.52654634
4071.37958444
3591.8135785
3114.02823623
2652.05122486
2178.65748339
1704.64403627
1235.23334644
767.475720991
322.729800404
34.1359441575
-14.133962787
8445.78293674
7956.55803984
7467.81345771
6979.5783092
6491.89817344
6004.87055664
5518.60249329
5033.51269117
4550.90832001
4069.40821639
3589.67916648
3112.98765782
2641.20488813
2166.94447626
1695.76096155
1226.88583633
766.353834089
328.774312718
45.3124982193
-12.7440376415
8444.0333819
7954.80248195
7466.04774319
6977.79938348
6490.10430306
6003.06937534
5516.83406888
5031.64150425
4547.88431559
4065.41125815
3584.43421063
3105.44765974
2628.80565584
2151.78440386
1675.5394695
1199.14286002
717.18694235
252.659868132
3.05147218065
-10.4901448532
8441.81979497
7952.56480497
7463.76137349
6975.43389522
6487.61753887
6000.39273408
5513.85951706
5028.17265679
4543.49616508
4059.83545
3577.25724324
3095.9183342
2615.74809748
2135.9482917
1656.96777717
1179.86661181
705.936443809
243.503827924
3.52820459854
-9.84495561065
8439.16401404
7949.86895198
7460.98329478
6972.52053
6484.50103174
5996.9760083
5510.00707319
5023.6774111
4538.05194789
4053.12154051
3568.88139139
3085.29972815
2602.23516893
2119.2928291
1636.32162243
1153.19932217
672.20922795
225.936336211
2.25991260775
-9.67776623357
8436.10503415
7946.75801394
7457.76552325
6969.13045083
6480.85726713
5992.97185822
5505.50127153
5018.47218256
4531.88568172
4045.70037632
3559.8451404
3074.20278203
2588.59156732
2102.6664298
1615.96712728
1126.89903639
642.330443205
208.83724325
-1.09926362312
-9.64134683409
8432.69490884
7943.28904529
7454.17558538
6965.34745914
6476.79500907
5988.52277199
5500.52941668
5012.8015076
4525.29667281
4037.93371498
3550.58940509
3063.08374032
2575.2254728
2086.81791574
1598.15406336
1110.90456216
621.797390916
191.337483697
-5.77449861507
-9.57326000432
8428.99375083
7939.5266319
7450.28693551
6961.25899649
6472.42251495
5983.76541174
5495.26470937
5006.87914179
4518.53603887
4030.11974787
3541.4547493
3052.27735423
2562.24036104
2070.77064476
1577.10947869
1080.2053269
578.889491768
157.942222001
-8.53098854433
-9.48556252885
8425.06609384
7935.53841684
7446.17403385
6956.95135919
6467.84166307
5978.82200992
5489.85560777
5000.88356036
4511.81630178
4022.52105525
3532.79689129
3042.33651571
2550.69032187
2056.99744786
1559.53493022
1054.03987301
530.483712343
109.429508091
-8.83085091428
-9.61111272112
8420.97619992
7931.39088236
7441.9087662
6952.50389672
6463.14301369
5973.79659576
5484.4200123
4994.94754891
4505.2837834
4015.29331705
3524.77817949
3033.44549191
2540.88085802
2046.432087
1548.98560852
1046.34735954
535.985749359
128.529468419
-9.09544031868
-9.59330557829
8416.78375754
7927.14607348
7437.55694318
6947.98786719
6458.40413157
5968.77327536
5479.04934128
4989.16741051
4499.03796537
4008.54048851
3517.51231483
3025.73437181
2532.9309525
2038.76510625
1542.90674282
1044.35163535
542.463121722
140.069195115
-9.2669681522
-9.58786089938
8412.54598264
7922.86196306
7433.17828371
6943.46511858
6453.68828965
5963.81682207
5473.80710906
4983.60078786
4493.12153143
4002.27183784
3510.93392209
3018.97304927
2526.26559439
2032.73144823
1538.53017602
1043.9707025
550.280819799
149.345245768
-8.92935639179
-9.60248963398
8408.31465511
7918.59080776
7428.82444649
6938.98670665
6449.04566171
5958.97344284
5468.73246403
4978.27410213
4487.53827455
3996.4522558
3504.93688291
3012.91533261
2520.33452383
2027.19608745
1533.85345552
1041.41856934
552.151075765
156.070623829
-5.15351540907
-9.59506168601
8404.1348085
7914.37609134
7424.53863929
6934.59467886
6444.51549987
5954.2772737
5463.84971961
4973.19508592
4482.26801797
3991.01775303
3499.39376435
3007.35385677
2514.88404222
2022.02040127
1529.02761245
1036.52021941
545.896455119
147.320712165
-8.70489224297
-9.60451229177
8400.04424291
7910.25603604
7420.35784071
6930.32310197
6440.12708895
5949.75127575
5459.17233274
4968.36208712
4477.2892264
3985.91961467
3494.21956344
3002.16113244
2509.72417464
2016.88753122
1523.64163527
1029.68137549
534.282681097
135.686432598
-8.9730478292
-9.58883086496
8396.07751978
7906.26421824
7416.31344265
6926.20024823
6435.90422367
5945.41184237
5454.70646044
4963.76901783
4472.58000401
3981.12069704
3489.37163598
2997.31302417
2504.91853325
2012.11765935
1518.72831099
1024.22103725
526.919317326
132.223258246
-9.0326188154
-9.56417891927
8392.265062
7902.42935014
7412.43255008
6922.25011406
6431.86607863
5941.27120526
5450.45520847
4959.40756553
4468.11826813
3976.57966052
3484.78692098
2992.73485138
2500.41161861
2007.77553051
1514.70701564
1021.01615557
525.672426153
134.036400881
-9.09281668594
-9.5445079655
8388.63289493
7898.77703158
7408.73868926
6918.4934337
6428.02911989
5937.34030147
5446.42163161
4955.26934169
4463.88238513
3972.26403717
3480.42446972
2988.38140404
2496.15845928
2003.78709783
1511.29499218
1018.78779106
526.292099483
136.405855777
-9.11039339589
-9.5399363657
8385.20480423
7895.32966694
7405.25414559
6914.94959057
6424.40893751
5933.62940938
5442.6092403
4951.34972306
4459.85716604
3968.14512055
3476.23738995
2984.17237704
2492.01213923
1999.85528635
1507.85165413
1016.29766023
525.857435579
137.18470577
-9.11195959483
-9.54929409745
8382.00325846
7892.11011009
7401.9988176
6911.63716045
6421.02160745
5930.15100083
5439.02579709
4947.65010054
4456.03445824
3964.199319
3472.17816735
2980.02184577
2487.81645544
1995.69825158
1503.87358798
1012.683929
522.996596516
135.744750646
-9.12282027655
-9.5530741946
8379.05124701
7889.13633688
7398.99342601
6908.57546725
6417.88498413
5926.92094337
5435.68399739
4944.1785381
4452.41596642
3960.41916618
3468.22653579
2975.88447652
2483.48702771
1991.17954111
1499.16992672
1007.62355008
517.548799898
132.401182696
-9.08373429198
-9.55160240371
8376.36842195
7886.42538884
7396.25816469
6905.78394973
6415.01857474
5923.95900997
5432.60352054
4940.9541109
4449.01843268
3956.81692586
3464.39987897
2971.7685158
2479.02191704
1986.29493692
1493.8746014
1001.31911515
510.151370381
128.063482746
-8.93213115326
-9.555667359
8373.97235538
7883.9908078
7393.81492827
6903.28190876
6412.44330975
5921.28854887
5429.81135973
4938.00775436
4445.87482384
3953.41459365
3460.76641579
2967.73703152
2474.49966456
1981.13866194
1487.78619056
994.470982181
501.717284324
123.290511877
-8.67917681906
-9.56186165862
8371.85097517
7881.8998303
7391.66553848
6901.08654846
6410.18218825
5918.93718761
5427.34201314
4935.38653222
4443.06091623
3950.36437043
3457.3146077
2963.86790124
2470.06304508
1975.93951377
1481.56172949
986.98205015
492.365671257
117.599026689
-8.64341222642
-9.5769645536
8370.06120235
7880.1104769
7389.84161488
6899.22328126
6408.25914406
5916.93236259
5425.22758491
4933.12581417
4440.60803416
3947.65401306
3454.24296793
2960.33737819
2465.91629744
1970.96130176
1475.45441979
979.387547497
482.580440459
111.319334696
-8.76603879677
-9.59955644372
8368.6049916
7878.65088948
7388.35921364
6897.70893423
6406.69644443
5915.30199646
5423.50414589
4931.27512028
4438.58338742
3945.39044873
3451.65126705
2957.30405723
2462.28137042
1966.5041513
1469.86432325
972.260480111
473.317797161
105.380702676
-8.95597240669
-9.65033538003
8367.48792782
7877.53262065
7387.22843841
6896.5578466
6405.51365192
5914.07239996
5422.20623049
4929.88096963
4437.05207809
3943.66528264
3449.6539486
2954.93070567
2459.38631332
1962.88679874
1465.24001425
966.253834639
465.648713801
100.741471253
-9.14731106966
-9.75767565237
8366.71496806
7876.76238233
7386.45653732
6895.78030776
6404.72512088
5913.26379477
5421.36389103
4928.98392838
4436.07040908
3942.55755621
3448.3591607
2953.36658962
2457.43940855
1960.39705317
1461.99183157
961.961970127
460.241170337
97.5611475245
-9.29899917135
-9.87989256247
8366.28679622
7876.34221517
7386.04577537
6895.38146497
6404.33851591
5912.88860568
5420.99595541
4928.61401663
4435.68292477
3942.12716551
3447.85005699
2952.72761047
2456.5998814
1959.25771235
1460.42378926
959.802536298
457.545598324
96.0260671897
-9.40682511781
-9.99456297172
8366.1971135
7876.26646292
7385.99120279
6895.35785206
6404.35405446
5912.95094639
5421.1111709
4928.78584938
4435.91217137
3942.41016397
3448.17826624
2953.0862727
2456.96649701
1959.60154798
1460.70532207
959.958558449
457.808186003
96.3238195625
-9.45808428221
-10.0685705725
8366.43505266
7876.524263
7386.28240274
6895.69954865
6404.76292725
5913.44394204
5421.70519494
4929.49840093
4436.76135479
3943.41488454
3449.3584936
2954.46514326
2458.57117622
1961.46727152
1462.87456278
962.447540853
460.832705376
98.1168567223
-9.42597198392
-10.0188490866
8366.98331093
7877.09770799
7386.90231698
6896.38932261
6405.54702157
5914.34904242
5422.75957251
4930.73324824
4438.21161952
3945.12077872
3451.3682687
2956.83778762
2461.3828689
1964.8192489
1466.90516124
967.335598487
466.55623784
101.310103478
-9.30357324446
-9.9080605732
8367.81552798
7877.96139247
7387.82434464
6897.39972037
6406.67834275
5915.63651346
5424.24194641
4932.45411395
4440.22118735
3947.47871255
3454.1470332
2960.12789339
2465.3024752
1969.52761102
1472.63507948
974.440599464
474.791815528
105.835077645
-9.07543723329
-9.76297930663
8368.90096522
7879.08396477
7389.01651109
6898.6976176
6408.12100968
5917.26683347
5426.10755761
4934.609216
4442.72902091
3950.41467039
3457.60208825
2964.2147541
2470.16348276
1975.34586723
1479.6552481
983.007686449
485.194224304
112.483791969
-8.67144518766
-9.63304102618
8370.20629977
7880.4308054
7390.4423621
6900.24313173
6409.83108186
5919.19070266
5428.30011489
4937.13340017
4445.65805879
3953.83506239
3461.61766047
2968.95187155
2475.77668586
1982.0256576
1487.62510911
992.496714699
496.394728667
119.299693958
-8.13649626323
-9.59204494604
8371.6913312
7881.96159897
7392.05868553
6901.9901036
6411.75777487
5921.35110818
5430.75466024
4939.95111597
4448.91901082
3957.63296076
3466.06400913
2974.18011497
2481.94630476
1989.32756143
1496.2742582
1002.73613403
508.542627319
126.955559554
-7.48006712903
-9.58920597373
8373.31188059
7883.62997499
7393.81781115
6903.88732574
6413.84503189
5923.68563913
5433.40022449
4942.98007793
4452.4150852
3961.69384267
3470.80418369
2979.7351489
2488.47568311
1997.02101994
1505.3494734
1013.47082617
521.328592442
135.138025022
-6.68105937689
-9.60487867865
8375.02065882
7885.38775897
7395.66905103
6905.88075168
6416.03382351
5926.12832653
5436.16190967
4946.13431828
4456.04626869
3965.89950223
3475.6987968
2985.4516595
2495.1699726
2004.87809902
1514.58341667
1024.36277016
534.229133492
143.477652126
-5.70751718168
-9.68052161656
8376.76997405
7887.18634629
7397.56107564
6907.91516342
6418.26372144
5928.6117864
5438.9633554
4949.32637988
4459.7114982
3970.13310399
3480.6103422
2991.16846773
2501.83954971
2012.67401244
1523.70623823
1035.07094236
546.813880344
151.797682111
-4.44424692279
-9.59829213895
8378.5120949
7888.97657072
7399.44238661
6909.93553729
6420.47454343
5931.06929783
5441.72961474
4952.47108218
4463.3133249
3974.28162331
3485.40838926
2996.73354555
2508.30602949
2020.19808835
1532.46910672
1045.29208253
558.713225843
159.713162286
-3.08834073903
-9.57726535705
8380.20000825
7890.71028033
7401.2627733
6911.88793446
6422.60781114
5933.43651294
5444.38908148
4955.48770994
4466.76002125
3978.24051618
3489.97236928
3002.00801467
2514.40841747
2027.26312557
1540.65710081
1054.79356744
569.76392347
167.238865632
-1.71556776464
-9.54473776831
8381.78893774
7892.34158224
7402.97430052
6913.7214848
6424.60835147
5935.65291434
5446.87480232
4958.30154271
4469.96759669
3981.91535023
3494.1954054
3006.86986904
2520.00712772
2033.70665026
1548.07431605
1063.33829676
579.741804507
174.75250967
0.0113641889229
-9.47806395055
8383.23756309
7893.82795494
7404.53277144
6915.38931682
6426.42577196
5937.66351569
5449.12602859
4960.84525972
4472.86119321
3985.22224934
3497.984799
3011.21646451
2524.98832313
2039.39882394
1554.55419856
1070.62465107
587.729088779
179.537707747
0.678688891307
-9.53284219466
8384.50859514
7895.13122207
7405.89843656
6916.84954723
6428.01524644
5939.41976349
5451.08948413
4963.06019341
4475.3760881
3988.0908042
3501.26360339
3014.96557393
2529.26751898
2044.26315881
1560.05656862
1076.76598525
594.482015639
184.087388966
1.74835885786
-9.57766510159
8385.56999357
7896.21750765
7407.03649696
6918.0655507
6429.33776921
5940.87947811
5452.71956633
4964.89658892
4477.45890082
3990.46207243
3503.96947314
3018.05154715
2532.78002902
2048.24579662
1564.56042969
1081.81701539
600.15802451
188.179670075
2.78463217232
-9.67265881537
8386.39677319
7897.06003396
7407.91840505
6919.00739256
6430.36143651
5942.00862747
5453.97964702
4966.31546013
4479.0659753
3992.28803081
3506.05231562
3020.42141398
2535.47224296
2051.29495208
1568.01645633
1085.71582194
604.552847083
191.132748851
3.37913275379
-9.79534789416
8386.97779038
7897.65229429
7408.5377616
6919.66847696
6431.07900061
5942.79896627
5454.86022365
4967.30502977
4480.18475105
3993.55762474
3507.49300125
3022.05648821
2537.32629821
2053.39241271
1570.39548858
1088.42978212
607.652367868
192.965990809
3.09413716013
-10.0982528408
8387.32172423
7898.0015606
7408.90291369
6920.06006382
6431.50347396
5943.26429156
5455.37515341
4967.87945455
4480.82889148
3994.28186868
3508.30804132
3022.9758756
2538.36800671
2054.58181934
1571.74910219
1090.02253777
609.773435023
195.626653542
3.5415075498
-11.3852872472
)
;

boundaryField
{
    back
    {
        type            calculated;
        value           nonuniform List<scalar> 
1984
(
8388.23922308
7898.93339219
7409.86396737
6921.06544119
6432.56796021
5944.4016374
5456.59115149
4969.16856845
4482.17582968
3995.65303397
3509.66895159
3024.28856813
2539.58551501
2055.64973677
1572.60903789
1090.61929986
610.067493167
195.659446114
3.54265381167
-11.3850385604
8387.88874936
7898.57735634
7409.49139914
6920.66538557
6432.13355205
5943.92437424
5456.06272816
4968.58109465
4481.51981827
3994.91643661
3508.83765111
3023.34790815
2538.51782298
2054.43093302
1571.22601739
1089.00247851
607.93321825
192.995338144
3.09569486045
-10.0979771523
8387.29586676
7897.97235063
7408.85739316
6919.98669176
6431.39434343
5943.10728464
5455.15051877
4967.55826009
4480.366553
3993.61298602
3507.35765245
3021.66778579
2536.61444997
2052.28312525
1568.80032943
1086.25227305
604.813998602
191.159532753
3.38135768403
-9.7949834708
8386.45248415
7897.11177247
7407.95441306
6919.01910796
6430.33855431
5941.9378051
5453.8423563
4966.08409192
4478.70292354
3991.7266555
3505.21188622
3019.2289108
2533.85132625
2049.16592768
1565.28512942
1082.30958652
600.396025174
188.203394902
2.78608231697
-9.67233798014
8385.37012341
7896.00268705
7406.78975428
6917.7706464
6428.97559182
5940.42749259
5452.15001789
4964.17407036
4476.53436289
3989.27026678
3502.42101843
3016.05325444
2530.25060463
2045.10244756
1560.71390017
1077.21043422
594.695185899
184.107722871
1.74970240747
-9.57738159665
8384.07412451
7894.6724152
7405.39289258
6916.27277409
6427.33972618
5938.61384616
5450.11619971
4961.87494431
4473.92078841
3986.29162462
3499.03302018
3012.19875264
2525.87226941
2040.15013639
1555.14030864
1071.01950509
587.917186855
179.554894882
0.679873408845
-9.53261209546
8382.59689347
7893.15537903
7403.79953974
6914.56358858
6425.47221786
5936.54223904
5447.79121155
4959.24339422
4470.92620855
3982.87338946
3495.12887928
3007.74188184
2520.78890917
2034.36880827
1548.58940011
1063.68436096
579.905569649
174.767072375
0.0124473869444
-9.47787365068
8380.97612416
7891.49030379
7402.05029053
6912.68627978
6423.41979651
5934.26393903
5445.23198611
4956.34350334
4467.62064594
3979.09220515
3490.79470304
3002.7730859
2515.0916735
2027.83993069
1541.10462462
1055.0933917
569.90443132
167.250106709
-1.71454022485
-9.54455712175
8379.25358754
7889.72025747
7400.19008959
6910.68877456
6421.23434702
5931.8358636
5442.5018323
4953.24557209
4464.08315936
3975.03488107
3486.12894771
2997.40048065
2508.89899943
2020.69682353
1532.85490195
1045.54965204
558.832507554
159.721690244
-3.08750248942
-9.57711397081
8377.47455847
7887.89168013
7398.26751716
6908.62274958
6418.9720491
5929.31983371
5439.66910136
4950.02623524
4460.39903173
3970.7988181
3481.24104484
2991.74867108
2502.35273658
2013.10377758
1524.037438
1035.29106924
546.914444757
151.804161633
-4.44355404289
-9.5981719406
8375.68658901
7886.05327239
7396.33335393
6906.5427405
6416.69202571
5926.78080593
5436.8060919
4946.76651861
4456.66090979
3966.48860837
3476.25208212
2985.95712152
2495.6144204
2005.24843746
1514.86750527
1024.55050305
534.313527975
143.482504849
-5.70697006491
-9.68043051686
8373.93797546
7884.25475443
7394.43961834
6904.50423888
6414.45482735
5924.28580771
5433.98783743
4943.55153773
4452.96553628
3962.2167051
3471.29116813
2980.17691125
2488.86172366
1997.34091742
1505.59355292
1013.63102317
521.399252233
135.14160226
-6.68061713099
-9.60480368496
8372.27700003
7882.54526522
7392.63812194
6902.56284896
6412.32113158
5921.9021948
5431.29042048
4940.46805122
4449.41298569
3958.09846171
3466.49437776
2974.56788605
2482.2830685
1989.60500431
1496.48471407
1002.87321784
508.601798015
126.958207686
-7.4797010478
-9.58914218716
8370.75116097
7880.97345409
7390.97999583
6900.77297279
6410.35015209
5919.69593045
5428.78836344
4937.60138106
4446.10204512
3954.25071869
3461.99929865
2969.2936862
2476.07182662
1982.26747352
1487.80749771
992.614559107
496.44441064
119.301611455
-8.13623720551
-9.59199481293
8369.405685
7879.58599377
7389.51334046
6899.18619488
6408.59818812
5917.72941443
5426.55236215
4935.03307656
4443.12899166
3950.78664532
3457.94206296
2964.51747653
2470.42354956
1975.55777946
1479.81426405
983.109523778
485.236256924
112.485361541
-8.6712820067
-9.63300381069
8368.28111944
7878.424242
7388.28197697
6897.84912673
6407.11637245
5916.05972253
5424.64720184
4932.83865335
4440.58205547
3947.81321713
3454.45075912
2960.39732784
2465.53274095
1969.71452444
1472.77447969
974.529222607
474.827529567
105.836235813
-9.07534332051
-9.76296334113
8367.41222512
7877.524007
7387.32331072
6896.80211296
6405.9484976
5914.73620591
5423.12925395
4931.08258217
4438.53856043
3945.42224429
3451.64143705
2957.07876063
2461.58811475
1964.98502343
1467.02838593
967.413332133
466.586892759
101.31114684
-9.30347874932
-9.90803963844
8366.82990442
7876.91652594
7386.66954446
6896.07856009
6405.13137602
5913.79859607
5422.04316207
4929.81729629
4437.05891343
3943.6883976
3449.60522743
2954.68199219
2458.75509953
1961.61525943
1462.98404183
962.516282543
460.859337359
98.1176906859
-9.4258836725
-10.0188207252
8366.56051119
7876.62730045
7386.3469528
6895.70601579
6404.69201088
5913.27588233
5421.42061018
4929.07742899
4436.1835814
3942.65895452
3448.40192843
2953.28219784
2457.13211672
1959.73439717
1460.80326415
960.019814101
457.831708715
96.3245049612
-9.45800878453
-10.0685567058
8366.62065795
7876.67370549
7386.37264921
6895.7010959
6404.64850905
5913.18655305
5421.27952696
4928.88091634
4435.93090865
3942.35395085
3448.05338347
2952.90522247
2456.74961705
1959.37751884
1460.51188883
959.857496937
457.566606311
96.0266357664
-9.40676000072
-9.99455305107
8367.02184783
7877.06700897
7386.75673219
6896.07380799
6405.00970049
5913.53722231
5421.62396903
4929.22847852
4436.29729119
3942.76465947
3448.54443758
2953.52807453
2457.57525478
1960.50553394
1462.07145612
962.011586445
460.260215939
97.5616552951
-9.29893273089
-9.87987719869
8367.77030806
7877.81285799
7387.50449361
6896.82766358
6405.7751791
5914.32357332
5422.44499128
4930.10527466
4437.25991984
3943.85470367
3449.82309125
2955.07785722
2459.50988646
1962.98535656
1465.31229859
966.298922964
465.666206924
100.741966141
-9.14722972704
-9.75765162443
8368.86520371
7878.90906177
7388.61344996
6897.95733635
6406.93711736
5915.53302746
5423.72361445
4931.48112578
4438.77405087
3945.56394444
3451.8058953
2957.43833945
2462.39396749
1966.59387815
1469.93012333
972.301605812
473.334015327
105.381182556
-8.9559075926
-9.6503188415
8370.30129937
7880.3486498
7390.0760862
6899.45227667
6408.48091154
5917.14512614
5425.42956152
4933.3152439
4440.783158
3947.81310502
3454.38439591
2960.45998341
2466.01898786
1971.04308597
1475.51445635
979.425254175
482.595513105
111.319701953
-8.76597806598
-9.59954324515
8372.07270269
7882.11976851
7391.88198586
6901.29782835
6410.38667574
5919.13323644
5427.52798809
4935.56080331
4443.22186883
3950.51040449
3457.443783
2963.97980686
2470.15678552
1976.01424746
1481.6167608
987.016842588
492.379818131
117.599290515
-8.64334966837
-9.57695391543
8374.17748513
7884.1945059
7394.0151256
6903.47723552
6412.63219352
5921.46944822
5429.98275012
4938.16816142
4446.02287926
3953.54919262
3460.88332192
2967.83870089
2474.58480431
1981.20650908
1487.83612714
994.502841103
501.730509775
123.290805208
-8.67909615196
-9.56185163111
8376.55836506
7886.61374574
7396.44329249
6905.9643752
6415.19279724
5924.12555643
5432.76094388
4941.10102885
4449.15354638
3956.93877455
3464.50702226
2971.8610421
2479.09931991
1986.3566497
1493.91990408
1001.34879638
510.163632376
128.06351596
-8.93206366641
-9.55565637414
8379.22742646
7889.31089854
7399.1648691
6908.74232855
6418.04579731
5927.07426554
5435.82844754
4944.31282982
4452.53892076
3960.52962589
3468.3237663
2975.96827467
2483.55713937
1991.23567753
1499.21170844
1007.65047199
517.560193929
132.401090816
-9.0836937953
-9.55159293293
8382.16696053
7892.27219028
7402.15782434
6911.79165014
6421.1701409
5930.2921635
5439.15825557
4947.77263697
4456.14601698
3964.2991345
3472.26584242
2980.09734083
2487.87962056
1995.74891395
1503.91138535
1012.70798039
523.006712899
135.744680535
-9.12278933008
-9.553065805
8385.3571972
7895.48042159
7405.40184044
6915.09279391
6424.54623529
5933.75942323
5442.73068803
4951.46145622
4459.95828346
3968.23511875
3476.31610324
2984.24000399
2492.06867564
1999.90059445
1507.88542831
1016.31900274
525.866281077
137.184559172
-9.1119323433
-9.54928656425
8388.775044
7898.91750862
7408.87609678
6918.62635613
6428.15616445
5937.4601399
5446.53303828
4955.37124146
4463.97401901
3972.34509577
3480.49496295
2988.44172208
2496.20870749
2003.82722996
1511.32478933
1018.80652166
526.299755503
136.405659742
-9.11037003673
-9.53992964418
8392.39781851
7902.56042382
7412.5605501
6922.37364334
6431.98376676
5941.38177852
5450.55750903
4959.50060342
4468.20141348
3976.65274771
3484.85008489
2992.78859991
2500.45615949
2007.81092007
1514.73312358
1021.03248121
525.679039945
134.03618211
-9.09279720131
-9.54450152752
8396.20146069
7906.38650981
7416.43270407
6926.31510287
6436.0133282
5945.51396972
5454.80053995
4963.85415676
4472.65568176
3981.18685931
3489.42849476
2997.36112372
2504.95816637
2012.14894812
1518.75122528
1024.23532555
526.925063547
132.223000043
-9.03259902123
-9.5641712529
8400.15967539
7910.36990205
7420.46876982
6930.42975405
6440.2281842
5949.84564695
5459.2589848
4968.44022931
4477.35844357
3985.97993843
3494.27123328
3002.20461821
2509.75981194
2016.91542566
1523.66195087
1029.69403633
534.287712065
135.68633416
-8.97302173059
-9.58882451137
8404.24174928
7914.48161141
7424.64138167
6934.69336317
6444.60895072
5954.36440459
5463.92958989
4973.2670178
4482.33169132
3991.0733034
3499.44139504
3007.39377007
2514.91663079
2022.04601239
1529.04613683
1036.53165505
545.900804586
147.320576577
-8.70477578342
-9.60449810311
8408.41293674
7918.68783356
7428.91893929
6939.07748126
6449.13162252
5959.0536099
5468.80601373
4978.34047135
4487.59710581
3996.50399658
3504.98167849
3012.95318456
2520.3658708
2027.2207355
1533.87123449
1041.42917124
552.154481644
156.069861477
-5.15351035806
-9.59503908992
8412.63532304
7922.95026856
7433.26436285
6943.54788385
6453.76675683
5963.89013786
5473.87467986
4983.66230051
4493.1769443
4002.32152338
3510.97781007
3019.01071109
2526.29703745
2032.75644425
1538.54812971
1043.98092692
550.282800077
149.343197283
-8.92923401778
-9.60244365703
8416.86366453
7927.22525481
7437.63444096
6948.06277624
6458.47561957
5968.84067021
5479.1121941
4989.22556468
4499.09140112
4008.58924934
3517.5562333
3025.77275708
2532.96347158
2038.79130173
1542.92575594
1044.3621146
542.463706184
140.065252325
-9.26682842603
-9.58782633223
8421.04644203
7931.46073057
7441.97757283
6952.57097774
6463.20771294
5973.85841105
5484.47862679
4995.00284811
4505.33559807
4015.34144189
3524.82237775
3033.48493447
2540.91497336
2046.46013944
1549.00643011
1046.35892781
535.987093679
128.525298117
-9.09535085901
-9.59328442105
8425.12690062
7935.5991381
7446.23437585
6957.01090446
6467.89993611
5978.87865297
5489.91032557
5000.93605194
4511.86632437
4022.56827993
3532.84112132
3042.37702188
2550.72634862
2057.0279285
1559.55828474
1054.05352738
530.486484247
109.427645146
-8.83086854724
-9.61109107144
8429.04588264
7939.57895958
7450.33946735
6961.3115111
6472.47487788
5983.81711854
5495.31543277
5006.92871867
4518.58394938
4030.16574447
3541.49855697
3052.31863656
2562.27825955
2070.80396575
1577.13635354
1080.22209625
578.894436398
157.940107932
-8.53096413736
-9.48552181182
8432.739422
7943.33392522
7454.22106298
6965.39369268
6476.84149613
5988.56949073
5500.57595782
5012.84780591
4525.34203019
4037.97793082
3550.63228449
3063.12499553
2575.26447504
2086.85335116
1598.18376924
1110.9234695
621.803626975
191.335835914
-5.77448888837
-9.57321710824
8436.14306597
7946.79642173
7457.80473815
6969.17042833
6480.8983434
5993.0133507
5505.54284764
5018.5139058
4531.92752808
4045.74212836
3559.88651319
3074.24349456
2588.63098957
2102.70318559
1615.99914955
1126.92209605
642.342942586
208.838334928
-1.09889295239
-9.6413366818
8439.19622728
7949.9012417
7461.01603945
6972.55401185
6484.53537479
5997.01085866
5510.04266311
5023.71394889
4538.08951102
4053.15993515
3568.92028197
3085.33870439
2602.27359189
2119.32939102
1636.35409384
1153.22362764
672.222294357
225.939253384
2.26055472598
-9.6778235319
8441.84686666
7952.59178349
7463.78837692
6975.46109871
6487.64518611
6000.4210896
5513.88902574
5028.20375845
4543.52909441
4059.87004316
3577.29302663
3095.9547441
2615.78426443
2135.98309926
1656.99912822
1179.89051461
705.955153634
243.508640544
3.52885888308
-9.84518390838
8444.05569132
7954.82450296
7466.06940073
6977.82077498
6490.1257594
6003.09148263
5516.85762136
5031.6672581
4547.91280959
4065.44228086
3584.46702552
3105.48120838
2628.83873092
2151.81634401
1675.56835142
1199.16428817
717.194769108
252.657505823
3.04783200205
-10.4914366379
8445.80048018
7956.57514224
7467.82990467
6979.59413983
6491.91375703
6004.88664339
5518.62024983
5033.53327895
4550.9332186
4069.43678459
3589.70992239
3113.0184017
2641.23442661
2166.97299475
1695.78704083
1226.90516439
766.361619993
328.76578301
45.2845379621
-12.7479788882
8447.07697081
7957.83993887
7469.06835689
6980.78884975
6493.06627769
6006.07383064
5519.84271206
5034.69831177
4552.54980992
4071.40792701
3591.84441263
3114.05814108
2652.07594983
2178.68058221
1704.66563395
1235.24949219
767.481267258
322.728860286
34.1367725506
-14.1350319706
8447.90019694
7958.6340572
7469.78753727
6981.32783731
6493.15785015
6005.16115043
5517.21169142
5028.0130947
2675.57229503
2192.64181116
1716.00906631
1245.69848305
773.218418357
316.998821471
13.8877138485
-20.9728392967
8448.30356508
7959.02318639
7470.14556375
6981.63397457
6493.4165018
6005.44771752
5517.30073913
5028.63288482
2685.83368054
2200.60617688
1725.34930861
1259.5536229
789.529425551
360.229687245
-62.076969894
-65.8311712056
8448.30098983
7959.02076815
7470.14339385
6981.63204162
6493.41466607
6005.44572445
5517.29845262
5028.63022318
2685.82894724
2200.60138691
1725.34507773
1259.54995238
789.526796715
360.230437874
-62.0968450132
-65.8394628858
8447.89253425
7958.62680068
7469.78092802
6981.32187199
6493.15222544
6005.15519633
5517.20487212
5028.00464064
2675.55791332
2192.62668088
1715.99358706
1245.6854579
773.212712581
317.00023547
13.8870254317
-20.9742883826
8447.06449234
7957.82795684
7469.05718044
6980.77843771
6493.05619623
6006.06338523
5519.83059838
5034.6825257
4552.52654634
4071.37958444
3591.8135785
3114.02823623
2652.05122486
2178.65748339
1704.64403627
1235.23334644
767.475720991
322.729800404
34.1359441575
-14.133962787
8445.78293674
7956.55803984
7467.81345771
6979.5783092
6491.89817344
6004.87055664
5518.60249329
5033.51269117
4550.90832001
4069.40821639
3589.67916648
3112.98765782
2641.20488813
2166.94447626
1695.76096155
1226.88583633
766.353834089
328.774312718
45.3124982193
-12.7440376415
8444.0333819
7954.80248195
7466.04774319
6977.79938348
6490.10430306
6003.06937534
5516.83406888
5031.64150425
4547.88431559
4065.41125815
3584.43421063
3105.44765974
2628.80565584
2151.78440386
1675.5394695
1199.14286002
717.18694235
252.659868132
3.05147218065
-10.4901448532
8441.81979497
7952.56480497
7463.76137349
6975.43389522
6487.61753887
6000.39273408
5513.85951706
5028.17265679
4543.49616508
4059.83545
3577.25724324
3095.9183342
2615.74809748
2135.9482917
1656.96777717
1179.86661181
705.936443809
243.503827924
3.52820459854
-9.84495561065
8439.16401404
7949.86895198
7460.98329478
6972.52053
6484.50103174
5996.9760083
5510.00707319
5023.6774111
4538.05194789
4053.12154051
3568.88139139
3085.29972815
2602.23516893
2119.2928291
1636.32162243
1153.19932217
672.20922795
225.936336211
2.25991260775
-9.67776623357
8436.10503415
7946.75801394
7457.76552325
6969.13045083
6480.85726713
5992.97185822
5505.50127153
5018.47218256
4531.88568172
4045.70037632
3559.8451404
3074.20278203
2588.59156732
2102.6664298
1615.96712728
1126.89903639
642.330443205
208.83724325
-1.09926362312
-9.64134683409
8432.69490884
7943.28904529
7454.17558538
6965.34745914
6476.79500907
5988.52277199
5500.52941668
5012.8015076
4525.29667281
4037.93371498
3550.58940509
3063.08374032
2575.2254728
2086.81791574
1598.15406336
1110.90456216
621.797390916
191.337483697
-5.77449861507
-9.57326000432
8428.99375083
7939.5266319
7450.28693551
6961.25899649
6472.42251495
5983.76541174
5495.26470937
5006.87914179
4518.53603887
4030.11974787
3541.4547493
3052.27735423
2562.24036104
2070.77064476
1577.10947869
1080.2053269
578.889491768
157.942222001
-8.53098854433
-9.48556252885
8425.06609384
7935.53841684
7446.17403385
6956.95135919
6467.84166307
5978.82200992
5489.85560777
5000.88356036
4511.81630178
4022.52105525
3532.79689129
3042.33651571
2550.69032187
2056.99744786
1559.53493022
1054.03987301
530.483712343
109.429508091
-8.83085091428
-9.61111272112
8420.97619992
7931.39088236
7441.9087662
6952.50389672
6463.14301369
5973.79659576
5484.4200123
4994.94754891
4505.2837834
4015.29331705
3524.77817949
3033.44549191
2540.88085802
2046.432087
1548.98560852
1046.34735954
535.985749359
128.529468419
-9.09544031868
-9.59330557829
8416.78375754
7927.14607348
7437.55694318
6947.98786719
6458.40413157
5968.77327536
5479.04934128
4989.16741051
4499.03796537
4008.54048851
3517.51231483
3025.73437181
2532.9309525
2038.76510625
1542.90674282
1044.35163535
542.463121722
140.069195115
-9.2669681522
-9.58786089938
8412.54598264
7922.86196306
7433.17828371
6943.46511858
6453.68828965
5963.81682207
5473.80710906
4983.60078786
4493.12153143
4002.27183784
3510.93392209
3018.97304927
2526.26559439
2032.73144823
1538.53017602
1043.9707025
550.280819799
149.345245768
-8.92935639179
-9.60248963398
8408.31465511
7918.59080776
7428.82444649
6938.98670665
6449.04566171
5958.97344284
5468.73246403
4978.27410213
4487.53827455
3996.4522558
3504.93688291
3012.91533261
2520.33452383
2027.19608745
1533.85345552
1041.41856934
552.151075765
156.070623829
-5.15351540907
-9.59506168601
8404.1348085
7914.37609134
7424.53863929
6934.59467886
6444.51549987
5954.2772737
5463.84971961
4973.19508592
4482.26801797
3991.01775303
3499.39376435
3007.35385677
2514.88404222
2022.02040127
1529.02761245
1036.52021941
545.896455119
147.320712165
-8.70489224297
-9.60451229177
8400.04424291
7910.25603604
7420.35784071
6930.32310197
6440.12708895
5949.75127575
5459.17233274
4968.36208712
4477.2892264
3985.91961467
3494.21956344
3002.16113244
2509.72417464
2016.88753122
1523.64163527
1029.68137549
534.282681097
135.686432598
-8.9730478292
-9.58883086496
8396.07751978
7906.26421824
7416.31344265
6926.20024823
6435.90422367
5945.41184237
5454.70646044
4963.76901783
4472.58000401
3981.12069704
3489.37163598
2997.31302417
2504.91853325
2012.11765935
1518.72831099
1024.22103725
526.919317326
132.223258246
-9.0326188154
-9.56417891927
8392.265062
7902.42935014
7412.43255008
6922.25011406
6431.86607863
5941.27120526
5450.45520847
4959.40756553
4468.11826813
3976.57966052
3484.78692098
2992.73485138
2500.41161861
2007.77553051
1514.70701564
1021.01615557
525.672426153
134.036400881
-9.09281668594
-9.5445079655
8388.63289493
7898.77703158
7408.73868926
6918.4934337
6428.02911989
5937.34030147
5446.42163161
4955.26934169
4463.88238513
3972.26403717
3480.42446972
2988.38140404
2496.15845928
2003.78709783
1511.29499218
1018.78779106
526.292099483
136.405855777
-9.11039339589
-9.5399363657
8385.20480423
7895.32966694
7405.25414559
6914.94959057
6424.40893751
5933.62940938
5442.6092403
4951.34972306
4459.85716604
3968.14512055
3476.23738995
2984.17237704
2492.01213923
1999.85528635
1507.85165413
1016.29766023
525.857435579
137.18470577
-9.11195959483
-9.54929409745
8382.00325846
7892.11011009
7401.9988176
6911.63716045
6421.02160745
5930.15100083
5439.02579709
4947.65010054
4456.03445824
3964.199319
3472.17816735
2980.02184577
2487.81645544
1995.69825158
1503.87358798
1012.683929
522.996596516
135.744750646
-9.12282027655
-9.5530741946
8379.05124701
7889.13633688
7398.99342601
6908.57546725
6417.88498413
5926.92094337
5435.68399739
4944.1785381
4452.41596642
3960.41916618
3468.22653579
2975.88447652
2483.48702771
1991.17954111
1499.16992672
1007.62355008
517.548799898
132.401182696
-9.08373429198
-9.55160240371
8376.36842195
7886.42538884
7396.25816469
6905.78394973
6415.01857474
5923.95900997
5432.60352054
4940.9541109
4449.01843268
3956.81692586
3464.39987897
2971.7685158
2479.02191704
1986.29493692
1493.8746014
1001.31911515
510.151370381
128.063482746
-8.93213115326
-9.555667359
8373.97235538
7883.9908078
7393.81492827
6903.28190876
6412.44330975
5921.28854887
5429.81135973
4938.00775436
4445.87482384
3953.41459365
3460.76641579
2967.73703152
2474.49966456
1981.13866194
1487.78619056
994.470982181
501.717284324
123.290511877
-8.67917681906
-9.56186165862
8371.85097517
7881.8998303
7391.66553848
6901.08654846
6410.18218825
5918.93718761
5427.34201314
4935.38653222
4443.06091623
3950.36437043
3457.3146077
2963.86790124
2470.06304508
1975.93951377
1481.56172949
986.98205015
492.365671257
117.599026689
-8.64341222642
-9.5769645536
8370.06120235
7880.1104769
7389.84161488
6899.22328126
6408.25914406
5916.93236259
5425.22758491
4933.12581417
4440.60803416
3947.65401306
3454.24296793
2960.33737819
2465.91629744
1970.96130176
1475.45441979
979.387547497
482.580440459
111.319334696
-8.76603879677
-9.59955644372
8368.6049916
7878.65088948
7388.35921364
6897.70893423
6406.69644443
5915.30199646
5423.50414589
4931.27512028
4438.58338742
3945.39044873
3451.65126705
2957.30405723
2462.28137042
1966.5041513
1469.86432325
972.260480111
473.317797161
105.380702676
-8.95597240669
-9.65033538003
8367.48792782
7877.53262065
7387.22843841
6896.5578466
6405.51365192
5914.07239996
5422.20623049
4929.88096963
4437.05207809
3943.66528264
3449.6539486
2954.93070567
2459.38631332
1962.88679874
1465.24001425
966.253834639
465.648713801
100.741471253
-9.14731106966
-9.75767565237
8366.71496806
7876.76238233
7386.45653732
6895.78030776
6404.72512088
5913.26379477
5421.36389103
4928.98392838
4436.07040908
3942.55755621
3448.3591607
2953.36658962
2457.43940855
1960.39705317
1461.99183157
961.961970127
460.241170337
97.5611475245
-9.29899917135
-9.87989256247
8366.28679622
7876.34221517
7386.04577537
6895.38146497
6404.33851591
5912.88860568
5420.99595541
4928.61401663
4435.68292477
3942.12716551
3447.85005699
2952.72761047
2456.5998814
1959.25771235
1460.42378926
959.802536298
457.545598324
96.0260671897
-9.40682511781
-9.99456297172
8366.1971135
7876.26646292
7385.99120279
6895.35785206
6404.35405446
5912.95094639
5421.1111709
4928.78584938
4435.91217137
3942.41016397
3448.17826624
2953.0862727
2456.96649701
1959.60154798
1460.70532207
959.958558449
457.808186003
96.3238195624
-9.45808428221
-10.0685705725
8366.43505266
7876.524263
7386.28240274
6895.69954865
6404.76292725
5913.44394204
5421.70519494
4929.49840093
4436.76135479
3943.41488454
3449.3584936
2954.46514326
2458.57117622
1961.46727152
1462.87456278
962.447540853
460.832705376
98.1168567223
-9.42597198392
-10.0188490866
8366.98331093
7877.09770799
7386.90231698
6896.38932261
6405.54702157
5914.34904242
5422.75957251
4930.73324824
4438.21161952
3945.12077872
3451.3682687
2956.83778762
2461.3828689
1964.8192489
1466.90516124
967.335598487
466.55623784
101.310103478
-9.30357324446
-9.9080605732
8367.81552798
7877.96139247
7387.82434464
6897.39972037
6406.67834275
5915.63651346
5424.24194641
4932.45411395
4440.22118735
3947.47871255
3454.1470332
2960.12789339
2465.3024752
1969.52761102
1472.63507948
974.440599464
474.791815528
105.835077645
-9.07543723329
-9.76297930663
8368.90096522
7879.08396477
7389.01651109
6898.6976176
6408.12100968
5917.26683347
5426.10755761
4934.609216
4442.72902091
3950.41467039
3457.60208825
2964.2147541
2470.16348276
1975.34586723
1479.6552481
983.007686449
485.194224304
112.483791969
-8.67144518766
-9.63304102618
8370.20629977
7880.4308054
7390.4423621
6900.24313173
6409.83108186
5919.19070266
5428.30011489
4937.13340017
4445.65805879
3953.83506239
3461.61766047
2968.95187155
2475.77668586
1982.0256576
1487.62510911
992.496714699
496.394728667
119.299693958
-8.13649626323
-9.59204494604
8371.6913312
7881.96159897
7392.05868553
6901.9901036
6411.75777487
5921.35110818
5430.75466024
4939.95111597
4448.91901082
3957.63296076
3466.06400913
2974.18011497
2481.94630476
1989.32756143
1496.2742582
1002.73613403
508.542627319
126.955559554
-7.48006712903
-9.58920597373
8373.31188059
7883.62997499
7393.81781115
6903.88732574
6413.84503189
5923.68563913
5433.40022449
4942.98007793
4452.4150852
3961.69384267
3470.80418369
2979.7351489
2488.47568311
1997.02101994
1505.3494734
1013.47082617
521.328592442
135.138025022
-6.68105937689
-9.60487867865
8375.02065882
7885.38775897
7395.66905103
6905.88075168
6416.03382351
5926.12832653
5436.16190967
4946.13431828
4456.04626869
3965.89950223
3475.6987968
2985.4516595
2495.1699726
2004.87809902
1514.58341667
1024.36277016
534.229133492
143.477652126
-5.70751718168
-9.68052161656
8376.76997405
7887.18634629
7397.56107564
6907.91516342
6418.26372144
5928.6117864
5438.9633554
4949.32637988
4459.7114982
3970.13310399
3480.6103422
2991.16846773
2501.83954971
2012.67401244
1523.70623823
1035.07094236
546.813880344
151.797682111
-4.44424692279
-9.59829213895
8378.5120949
7888.97657072
7399.44238661
6909.93553729
6420.47454343
5931.06929783
5441.72961474
4952.47108218
4463.3133249
3974.28162331
3485.40838926
2996.73354555
2508.30602949
2020.19808835
1532.46910672
1045.29208253
558.713225843
159.713162286
-3.08834073903
-9.57726535705
8380.20000825
7890.71028033
7401.2627733
6911.88793446
6422.60781114
5933.43651294
5444.38908148
4955.48770994
4466.76002125
3978.24051618
3489.97236928
3002.00801467
2514.40841747
2027.26312557
1540.65710081
1054.79356744
569.76392347
167.238865632
-1.71556776464
-9.54473776831
8381.78893774
7892.34158224
7402.97430052
6913.7214848
6424.60835147
5935.65291434
5446.87480232
4958.30154271
4469.96759669
3981.91535023
3494.1954054
3006.86986904
2520.00712772
2033.70665026
1548.07431605
1063.33829676
579.741804507
174.75250967
0.0113641889229
-9.47806395055
8383.23756309
7893.82795494
7404.53277144
6915.38931682
6426.42577196
5937.66351569
5449.12602859
4960.84525972
4472.86119321
3985.22224934
3497.984799
3011.21646451
2524.98832313
2039.39882394
1554.55419856
1070.62465107
587.729088779
179.537707747
0.678688891307
-9.53284219466
8384.50859514
7895.13122207
7405.89843656
6916.84954723
6428.01524644
5939.41976349
5451.08948413
4963.06019341
4475.3760881
3988.0908042
3501.26360339
3014.96557393
2529.26751898
2044.26315881
1560.05656862
1076.76598525
594.482015639
184.087388966
1.74835885786
-9.57766510159
8385.56999357
7896.21750765
7407.03649696
6918.0655507
6429.33776921
5940.87947811
5452.71956633
4964.89658892
4477.45890082
3990.46207243
3503.96947314
3018.05154715
2532.78002902
2048.24579662
1564.56042969
1081.81701539
600.15802451
188.179670075
2.78463217232
-9.67265881537
8386.39677319
7897.06003396
7407.91840505
6919.00739256
6430.36143651
5942.00862747
5453.97964702
4966.31546013
4479.0659753
3992.28803081
3506.05231562
3020.42141398
2535.47224296
2051.29495208
1568.01645633
1085.71582194
604.552847083
191.132748851
3.37913275379
-9.79534789416
8386.97779038
7897.65229429
7408.5377616
6919.66847696
6431.07900061
5942.79896627
5454.86022365
4967.30502977
4480.18475105
3993.55762474
3507.49300125
3022.05648821
2537.32629821
2053.39241271
1570.39548858
1088.42978212
607.652367868
192.965990809
3.09413716013
-10.0982528408
8387.32172423
7898.0015606
7408.90291369
6920.06006382
6431.50347396
5943.26429156
5455.37515341
4967.87945455
4480.82889148
3994.28186868
3508.30804132
3022.9758756
2538.36800671
2054.58181934
1571.74910219
1090.02253777
609.773435023
195.626653542
3.5415075498
-11.3852872472
)
;
    }
    sides
    {
        type            calculated;
        value           nonuniform List<scalar> 
40
(
8388.23922308
7898.93339219
7409.86396737
6921.06544119
6432.56796021
5944.4016374
5456.59115149
4969.16856845
4482.17582968
3995.65303397
3509.66895159
3024.28856813
2539.58551501
2055.64973677
1572.60903789
1090.61929986
610.067493167
195.659446114
3.54265381167
-11.3850385604
8387.32172423
7898.0015606
7408.90291369
6920.06006382
6431.50347396
5943.26429156
5455.37515341
4967.87945455
4480.82889148
3994.28186868
3508.30804132
3022.9758756
2538.36800671
2054.58181934
1571.74910219
1090.02253777
609.773435023
195.626653542
3.5415075498
-11.3852872472
)
;
    }
    bottom
    {
        type            calculated;
        value           nonuniform List<scalar> 
100
(
8633.04776867
8632.69729724
8632.10441926
8631.26104345
8630.17869073
8628.88270088
8627.40547949
8625.78472031
8624.06219436
8622.28317661
8620.49521919
8618.7466182
8617.08565518
8615.55982743
8614.21436208
8613.08981538
8612.22094287
8611.63864071
8611.36927618
8611.42936243
8611.83052904
8612.57897269
8613.67386112
8615.10995635
8616.88136401
8618.98615968
8621.36702057
8624.03607181
8626.97559615
8630.16582772
8633.58367156
8637.20643351
8641.01006129
8644.96826113
8649.05032162
8653.22150191
8657.44383045
8661.67217068
8665.85496391
8669.93551884
8673.85457563
8677.54811352
8680.9517518
8684.00484968
8686.65553541
8688.86436068
8690.60912354
8691.88563103
8692.70886209
8693.11224005
8693.10967686
8692.70121039
8691.87322028
8690.59156263
8688.84200182
8686.62837319
8683.97242044
8680.91358345
8677.50355275
8673.80242727
8669.87474311
8665.78481448
8661.59233964
8657.3545522
8653.12320048
8648.94332503
8644.85269278
8640.88595828
8637.0735005
8633.44136736
8630.01333849
8626.81180377
8623.85979937
8621.17697976
8618.7809167
8616.6595546
8614.86979296
8613.41359894
8612.29655448
8611.52361379
8611.09545934
8611.00579158
8611.24376536
8611.79205003
8612.62427182
8613.7097084
8615.01504052
8616.50007316
8618.12057329
8619.82933528
8621.5786486
8623.32077174
8625.0086884
8626.59762121
8628.04624979
8629.31728541
8630.37868861
8631.2054808
8631.78650458
8632.13036144
)
;
    }
    front
    {
        type            calculated;
        value           nonuniform List<scalar> 
1984
(
8388.23922308
7898.93339219
7409.86396737
6921.06544119
6432.56796021
5944.4016374
5456.59115149
4969.16856845
4482.17582968
3995.65303397
3509.66895159
3024.28856813
2539.58551501
2055.64973677
1572.60903789
1090.61929986
610.067493167
195.659446114
3.54265381167
-11.3850385604
8387.88874936
7898.57735634
7409.49139914
6920.66538557
6432.13355205
5943.92437424
5456.06272816
4968.58109465
4481.51981827
3994.91643661
3508.83765111
3023.34790815
2538.51782298
2054.43093302
1571.22601739
1089.00247851
607.93321825
192.995338144
3.09569486045
-10.0979771523
8387.29586676
7897.97235063
7408.85739316
6919.98669176
6431.39434343
5943.10728464
5455.15051877
4967.55826009
4480.366553
3993.61298602
3507.35765245
3021.66778579
2536.61444997
2052.28312525
1568.80032943
1086.25227305
604.813998602
191.159532753
3.38135768403
-9.7949834708
8386.45248415
7897.11177247
7407.95441306
6919.01910796
6430.33855431
5941.9378051
5453.8423563
4966.08409192
4478.70292354
3991.7266555
3505.21188622
3019.2289108
2533.85132625
2049.16592768
1565.28512942
1082.30958652
600.396025174
188.203394902
2.78608231697
-9.67233798014
8385.37012341
7896.00268705
7406.78975428
6917.7706464
6428.97559182
5940.42749259
5452.15001789
4964.17407036
4476.53436289
3989.27026678
3502.42101843
3016.05325444
2530.25060463
2045.10244756
1560.71390017
1077.21043422
594.695185899
184.107722871
1.74970240747
-9.57738159665
8384.07412451
7894.6724152
7405.39289258
6916.27277409
6427.33972618
5938.61384616
5450.11619971
4961.87494431
4473.92078841
3986.29162462
3499.03302018
3012.19875264
2525.87226941
2040.15013639
1555.14030864
1071.01950509
587.917186855
179.554894882
0.679873408845
-9.53261209546
8382.59689347
7893.15537903
7403.79953974
6914.56358858
6425.47221786
5936.54223904
5447.79121155
4959.24339422
4470.92620855
3982.87338946
3495.12887928
3007.74188184
2520.78890917
2034.36880827
1548.58940011
1063.68436096
579.905569649
174.767072375
0.0124473869444
-9.47787365068
8380.97612416
7891.49030379
7402.05029053
6912.68627978
6423.41979651
5934.26393903
5445.23198611
4956.34350334
4467.62064594
3979.09220515
3490.79470304
3002.7730859
2515.0916735
2027.83993069
1541.10462462
1055.0933917
569.90443132
167.250106709
-1.71454022485
-9.54455712175
8379.25358754
7889.72025747
7400.19008959
6910.68877456
6421.23434702
5931.8358636
5442.5018323
4953.24557209
4464.08315936
3975.03488107
3486.12894771
2997.40048065
2508.89899943
2020.69682353
1532.85490195
1045.54965204
558.832507554
159.721690244
-3.08750248942
-9.57711397081
8377.47455847
7887.89168013
7398.26751716
6908.62274958
6418.9720491
5929.31983371
5439.66910136
4950.02623524
4460.39903173
3970.7988181
3481.24104484
2991.74867108
2502.35273658
2013.10377758
1524.037438
1035.29106924
546.914444757
151.804161633
-4.44355404289
-9.5981719406
8375.68658901
7886.05327239
7396.33335393
6906.5427405
6416.69202571
5926.78080593
5436.8060919
4946.76651861
4456.66090979
3966.48860837
3476.25208212
2985.95712152
2495.6144204
2005.24843746
1514.86750527
1024.55050305
534.313527975
143.482504849
-5.70697006491
-9.68043051686
8373.93797546
7884.25475443
7394.43961834
6904.50423888
6414.45482735
5924.28580771
5433.98783743
4943.55153773
4452.96553628
3962.2167051
3471.29116813
2980.17691125
2488.86172366
1997.34091742
1505.59355292
1013.63102317
521.399252233
135.14160226
-6.68061713099
-9.60480368496
8372.27700003
7882.54526522
7392.63812194
6902.56284896
6412.32113158
5921.9021948
5431.29042048
4940.46805122
4449.41298569
3958.09846171
3466.49437776
2974.56788605
2482.2830685
1989.60500431
1496.48471407
1002.87321784
508.601798015
126.958207686
-7.4797010478
-9.58914218716
8370.75116097
7880.97345409
7390.97999583
6900.77297279
6410.35015209
5919.69593045
5428.78836344
4937.60138106
4446.10204512
3954.25071869
3461.99929865
2969.2936862
2476.07182662
1982.26747352
1487.80749771
992.614559107
496.44441064
119.301611455
-8.13623720551
-9.59199481293
8369.405685
7879.58599377
7389.51334046
6899.18619488
6408.59818812
5917.72941443
5426.55236215
4935.03307656
4443.12899166
3950.78664532
3457.94206296
2964.51747653
2470.42354956
1975.55777946
1479.81426405
983.109523778
485.236256924
112.485361541
-8.6712820067
-9.63300381069
8368.28111944
7878.424242
7388.28197697
6897.84912673
6407.11637245
5916.05972253
5424.64720184
4932.83865335
4440.58205547
3947.81321713
3454.45075912
2960.39732784
2465.53274095
1969.71452444
1472.77447969
974.529222607
474.827529567
105.836235813
-9.07534332051
-9.76296334113
8367.41222512
7877.524007
7387.32331072
6896.80211296
6405.9484976
5914.73620591
5423.12925395
4931.08258217
4438.53856043
3945.42224429
3451.64143705
2957.07876063
2461.58811475
1964.98502343
1467.02838593
967.413332133
466.586892759
101.31114684
-9.30347874932
-9.90803963844
8366.82990442
7876.91652594
7386.66954446
6896.07856009
6405.13137602
5913.79859607
5422.04316207
4929.81729629
4437.05891343
3943.6883976
3449.60522743
2954.68199219
2458.75509953
1961.61525943
1462.98404183
962.516282543
460.859337359
98.1176906859
-9.4258836725
-10.0188207252
8366.56051119
7876.62730045
7386.3469528
6895.70601579
6404.69201088
5913.27588233
5421.42061018
4929.07742899
4436.1835814
3942.65895452
3448.40192843
2953.28219784
2457.13211672
1959.73439717
1460.80326415
960.019814101
457.831708715
96.3245049612
-9.45800878453
-10.0685567058
8366.62065795
7876.67370549
7386.37264921
6895.7010959
6404.64850905
5913.18655305
5421.27952696
4928.88091634
4435.93090865
3942.35395085
3448.05338347
2952.90522247
2456.74961705
1959.37751884
1460.51188883
959.857496937
457.566606311
96.0266357664
-9.40676000072
-9.99455305107
8367.02184783
7877.06700897
7386.75673219
6896.07380799
6405.00970049
5913.53722231
5421.62396903
4929.22847852
4436.29729119
3942.76465947
3448.54443758
2953.52807453
2457.57525478
1960.50553394
1462.07145612
962.011586445
460.260215939
97.5616552951
-9.29893273089
-9.87987719869
8367.77030806
7877.81285799
7387.50449361
6896.82766358
6405.7751791
5914.32357332
5422.44499128
4930.10527466
4437.25991984
3943.85470367
3449.82309125
2955.07785722
2459.50988646
1962.98535656
1465.31229859
966.298922964
465.666206924
100.741966141
-9.14722972704
-9.75765162443
8368.86520371
7878.90906177
7388.61344996
6897.95733635
6406.93711736
5915.53302746
5423.72361445
4931.48112578
4438.77405087
3945.56394444
3451.8058953
2957.43833945
2462.39396749
1966.59387815
1469.93012333
972.301605812
473.334015327
105.381182556
-8.9559075926
-9.6503188415
8370.30129937
7880.3486498
7390.0760862
6899.45227667
6408.48091154
5917.14512614
5425.42956152
4933.3152439
4440.783158
3947.81310502
3454.38439591
2960.45998341
2466.01898786
1971.04308597
1475.51445635
979.425254175
482.595513105
111.319701953
-8.76597806598
-9.59954324515
8372.07270269
7882.11976851
7391.88198586
6901.29782835
6410.38667574
5919.13323644
5427.52798809
4935.56080331
4443.22186883
3950.51040449
3457.443783
2963.97980686
2470.15678552
1976.01424746
1481.6167608
987.016842588
492.379818131
117.599290515
-8.64334966837
-9.57695391543
8374.17748513
7884.1945059
7394.0151256
6903.47723552
6412.63219352
5921.46944822
5429.98275012
4938.16816142
4446.02287926
3953.54919262
3460.88332192
2967.83870089
2474.58480431
1981.20650908
1487.83612714
994.502841103
501.730509775
123.290805208
-8.67909615196
-9.56185163111
8376.55836506
7886.61374574
7396.44329249
6905.9643752
6415.19279724
5924.12555643
5432.76094388
4941.10102885
4449.15354638
3956.93877455
3464.50702226
2971.8610421
2479.09931991
1986.3566497
1493.91990408
1001.34879638
510.163632376
128.06351596
-8.93206366641
-9.55565637414
8379.22742646
7889.31089854
7399.1648691
6908.74232855
6418.04579731
5927.07426554
5435.82844754
4944.31282982
4452.53892076
3960.52962589
3468.3237663
2975.96827467
2483.55713937
1991.23567753
1499.21170844
1007.65047199
517.560193929
132.401090816
-9.0836937953
-9.55159293293
8382.16696053
7892.27219028
7402.15782434
6911.79165014
6421.1701409
5930.2921635
5439.15825557
4947.77263697
4456.14601698
3964.2991345
3472.26584242
2980.09734083
2487.87962056
1995.74891395
1503.91138535
1012.70798039
523.006712899
135.744680535
-9.12278933008
-9.553065805
8385.3571972
7895.48042159
7405.40184044
6915.09279391
6424.54623529
5933.75942323
5442.73068803
4951.46145622
4459.95828346
3968.23511875
3476.31610324
2984.24000399
2492.06867564
1999.90059445
1507.88542831
1016.31900274
525.866281077
137.184559172
-9.1119323433
-9.54928656425
8388.775044
7898.91750862
7408.87609678
6918.62635613
6428.15616445
5937.4601399
5446.53303828
4955.37124146
4463.97401901
3972.34509577
3480.49496295
2988.44172208
2496.20870749
2003.82722996
1511.32478933
1018.80652166
526.299755503
136.405659742
-9.11037003673
-9.53992964418
8392.39781851
7902.56042382
7412.5605501
6922.37364334
6431.98376676
5941.38177852
5450.55750903
4959.50060342
4468.20141348
3976.65274771
3484.85008489
2992.78859991
2500.45615949
2007.81092007
1514.73312358
1021.03248121
525.679039945
134.03618211
-9.09279720131
-9.54450152752
8396.20146069
7906.38650981
7416.43270407
6926.31510287
6436.0133282
5945.51396972
5454.80053995
4963.85415676
4472.65568176
3981.18685931
3489.42849476
2997.36112372
2504.95816637
2012.14894812
1518.75122528
1024.23532555
526.925063547
132.223000043
-9.03259902123
-9.5641712529
8400.15967539
7910.36990205
7420.46876982
6930.42975405
6440.2281842
5949.84564695
5459.2589848
4968.44022931
4477.35844357
3985.97993843
3494.27123328
3002.20461821
2509.75981194
2016.91542566
1523.66195087
1029.69403633
534.287712065
135.68633416
-8.97302173059
-9.58882451137
8404.24174928
7914.48161141
7424.64138167
6934.69336317
6444.60895072
5954.36440459
5463.92958989
4973.2670178
4482.33169132
3991.0733034
3499.44139504
3007.39377007
2514.91663079
2022.04601239
1529.04613683
1036.53165505
545.900804586
147.320576577
-8.70477578342
-9.60449810311
8408.41293674
7918.68783356
7428.91893929
6939.07748126
6449.13162252
5959.0536099
5468.80601373
4978.34047135
4487.59710581
3996.50399658
3504.98167849
3012.95318456
2520.3658708
2027.2207355
1533.87123449
1041.42917124
552.154481644
156.069861477
-5.15351035806
-9.59503908992
8412.63532304
7922.95026856
7433.26436285
6943.54788385
6453.76675683
5963.89013786
5473.87467986
4983.66230051
4493.1769443
4002.32152338
3510.97781007
3019.01071109
2526.29703745
2032.75644425
1538.54812971
1043.98092692
550.282800077
149.343197283
-8.92923401778
-9.60244365703
8416.86366453
7927.22525481
7437.63444096
6948.06277624
6458.47561957
5968.84067021
5479.1121941
4989.22556468
4499.09140112
4008.58924934
3517.5562333
3025.77275708
2532.96347158
2038.79130173
1542.92575594
1044.3621146
542.463706184
140.065252325
-9.26682842603
-9.58782633223
8421.04644203
7931.46073057
7441.97757283
6952.57097774
6463.20771294
5973.85841105
5484.47862679
4995.00284811
4505.33559807
4015.34144189
3524.82237775
3033.48493447
2540.91497336
2046.46013944
1549.00643011
1046.35892781
535.987093679
128.525298117
-9.09535085901
-9.59328442105
8425.12690062
7935.5991381
7446.23437585
6957.01090446
6467.89993611
5978.87865297
5489.91032557
5000.93605194
4511.86632437
4022.56827993
3532.84112132
3042.37702188
2550.72634862
2057.0279285
1559.55828474
1054.05352738
530.486484247
109.427645146
-8.83086854724
-9.61109107144
8429.04588264
7939.57895958
7450.33946735
6961.3115111
6472.47487788
5983.81711854
5495.31543277
5006.92871867
4518.58394938
4030.16574447
3541.49855697
3052.31863656
2562.27825955
2070.80396575
1577.13635354
1080.22209625
578.894436398
157.940107932
-8.53096413736
-9.48552181182
8432.739422
7943.33392522
7454.22106298
6965.39369268
6476.84149613
5988.56949073
5500.57595782
5012.84780591
4525.34203019
4037.97793082
3550.63228449
3063.12499553
2575.26447504
2086.85335116
1598.18376924
1110.9234695
621.803626975
191.335835914
-5.77448888837
-9.57321710824
8436.14306597
7946.79642173
7457.80473815
6969.17042833
6480.8983434
5993.0133507
5505.54284764
5018.5139058
4531.92752808
4045.74212836
3559.88651319
3074.24349456
2588.63098957
2102.70318559
1615.99914955
1126.92209605
642.342942586
208.838334928
-1.09889295239
-9.6413366818
8439.19622728
7949.9012417
7461.01603945
6972.55401185
6484.53537479
5997.01085866
5510.04266311
5023.71394889
4538.08951102
4053.15993515
3568.92028197
3085.33870439
2602.27359189
2119.32939102
1636.35409384
1153.22362764
672.222294357
225.939253384
2.26055472598
-9.6778235319
8441.84686666
7952.59178349
7463.78837692
6975.46109871
6487.64518611
6000.4210896
5513.88902574
5028.20375845
4543.52909441
4059.87004316
3577.29302663
3095.9547441
2615.78426443
2135.98309926
1656.99912822
1179.89051461
705.955153634
243.508640544
3.52885888308
-9.84518390838
8444.05569132
7954.82450296
7466.06940073
6977.82077498
6490.1257594
6003.09148263
5516.85762136
5031.6672581
4547.91280959
4065.44228086
3584.46702552
3105.48120838
2628.83873092
2151.81634401
1675.56835142
1199.16428817
717.194769108
252.657505823
3.04783200205
-10.4914366379
8445.80048018
7956.57514224
7467.82990467
6979.59413983
6491.91375703
6004.88664339
5518.62024983
5033.53327895
4550.9332186
4069.43678459
3589.70992239
3113.0184017
2641.23442661
2166.97299475
1695.78704083
1226.90516439
766.361619993
328.76578301
45.2845379621
-12.7479788882
8447.07697081
7957.83993887
7469.06835689
6980.78884975
6493.06627769
6006.07383064
5519.84271206
5034.69831177
4552.54980992
4071.40792701
3591.84441263
3114.05814108
2652.07594983
2178.68058221
1704.66563395
1235.24949219
767.481267258
322.728860286
34.1367725506
-14.1350319706
8447.90019694
7958.6340572
7469.78753727
6981.32783731
6493.15785015
6005.16115043
5517.21169142
5028.0130947
2675.57229503
2192.64181116
1716.00906631
1245.69848305
773.218418357
316.998821471
13.8877138485
-20.9728392967
8448.30356508
7959.02318639
7470.14556375
6981.63397457
6493.4165018
6005.44771752
5517.30073913
5028.63288482
2685.83368054
2200.60617688
1725.34930861
1259.5536229
789.529425551
360.229687245
-62.076969894
-65.8311712056
8448.30098983
7959.02076815
7470.14339385
6981.63204162
6493.41466607
6005.44572445
5517.29845262
5028.63022318
2685.82894724
2200.60138691
1725.34507773
1259.54995238
789.526796715
360.230437874
-62.0968450132
-65.8394628858
8447.89253425
7958.62680068
7469.78092802
6981.32187199
6493.15222544
6005.15519633
5517.20487212
5028.00464064
2675.55791332
2192.62668088
1715.99358706
1245.6854579
773.212712581
317.00023547
13.8870254317
-20.9742883826
8447.06449234
7957.82795684
7469.05718044
6980.77843771
6493.05619623
6006.06338523
5519.83059838
5034.6825257
4552.52654634
4071.37958444
3591.8135785
3114.02823623
2652.05122486
2178.65748339
1704.64403627
1235.23334644
767.475720991
322.729800404
34.1359441575
-14.133962787
8445.78293674
7956.55803984
7467.81345771
6979.5783092
6491.89817344
6004.87055664
5518.60249329
5033.51269117
4550.90832001
4069.40821639
3589.67916648
3112.98765782
2641.20488813
2166.94447626
1695.76096155
1226.88583633
766.353834089
328.774312718
45.3124982193
-12.7440376415
8444.0333819
7954.80248195
7466.04774319
6977.79938348
6490.10430306
6003.06937534
5516.83406888
5031.64150425
4547.88431559
4065.41125815
3584.43421063
3105.44765974
2628.80565584
2151.78440386
1675.5394695
1199.14286002
717.18694235
252.659868132
3.05147218065
-10.4901448532
8441.81979497
7952.56480497
7463.76137349
6975.43389522
6487.61753887
6000.39273408
5513.85951706
5028.17265679
4543.49616508
4059.83545
3577.25724324
3095.9183342
2615.74809748
2135.9482917
1656.96777717
1179.86661181
705.936443809
243.503827924
3.52820459854
-9.84495561065
8439.16401404
7949.86895198
7460.98329478
6972.52053
6484.50103174
5996.9760083
5510.00707319
5023.6774111
4538.05194789
4053.12154051
3568.88139139
3085.29972815
2602.23516893
2119.2928291
1636.32162243
1153.19932217
672.20922795
225.936336211
2.25991260775
-9.67776623357
8436.10503415
7946.75801394
7457.76552325
6969.13045083
6480.85726713
5992.97185822
5505.50127153
5018.47218256
4531.88568172
4045.70037632
3559.8451404
3074.20278203
2588.59156732
2102.6664298
1615.96712728
1126.89903639
642.330443205
208.83724325
-1.09926362312
-9.64134683409
8432.69490884
7943.28904529
7454.17558538
6965.34745914
6476.79500907
5988.52277199
5500.52941668
5012.8015076
4525.29667281
4037.93371498
3550.58940509
3063.08374032
2575.2254728
2086.81791574
1598.15406336
1110.90456216
621.797390916
191.337483697
-5.77449861507
-9.57326000432
8428.99375083
7939.5266319
7450.28693551
6961.25899649
6472.42251495
5983.76541174
5495.26470937
5006.87914179
4518.53603887
4030.11974787
3541.4547493
3052.27735423
2562.24036104
2070.77064476
1577.10947869
1080.2053269
578.889491768
157.942222001
-8.53098854433
-9.48556252885
8425.06609384
7935.53841684
7446.17403385
6956.95135919
6467.84166307
5978.82200992
5489.85560777
5000.88356036
4511.81630178
4022.52105525
3532.79689129
3042.33651571
2550.69032187
2056.99744786
1559.53493022
1054.03987301
530.483712343
109.429508091
-8.83085091428
-9.61111272112
8420.97619992
7931.39088236
7441.9087662
6952.50389672
6463.14301369
5973.79659576
5484.4200123
4994.94754891
4505.2837834
4015.29331705
3524.77817949
3033.44549191
2540.88085802
2046.432087
1548.98560852
1046.34735954
535.985749359
128.529468419
-9.09544031868
-9.59330557829
8416.78375754
7927.14607348
7437.55694318
6947.98786719
6458.40413157
5968.77327536
5479.04934128
4989.16741051
4499.03796537
4008.54048851
3517.51231483
3025.73437181
2532.9309525
2038.76510625
1542.90674282
1044.35163535
542.463121722
140.069195115
-9.2669681522
-9.58786089938
8412.54598264
7922.86196306
7433.17828371
6943.46511858
6453.68828965
5963.81682207
5473.80710906
4983.60078786
4493.12153143
4002.27183784
3510.93392209
3018.97304927
2526.26559439
2032.73144823
1538.53017602
1043.9707025
550.280819799
149.345245768
-8.92935639179
-9.60248963398
8408.31465511
7918.59080776
7428.82444649
6938.98670665
6449.04566171
5958.97344284
5468.73246403
4978.27410213
4487.53827455
3996.4522558
3504.93688291
3012.91533261
2520.33452383
2027.19608745
1533.85345552
1041.41856934
552.151075765
156.070623829
-5.15351540907
-9.59506168601
8404.1348085
7914.37609134
7424.53863929
6934.59467886
6444.51549987
5954.2772737
5463.84971961
4973.19508592
4482.26801797
3991.01775303
3499.39376435
3007.35385677
2514.88404222
2022.02040127
1529.02761245
1036.52021941
545.896455119
147.320712165
-8.70489224297
-9.60451229177
8400.04424291
7910.25603604
7420.35784071
6930.32310197
6440.12708895
5949.75127575
5459.17233274
4968.36208712
4477.2892264
3985.91961467
3494.21956344
3002.16113244
2509.72417464
2016.88753122
1523.64163527
1029.68137549
534.282681097
135.686432598
-8.9730478292
-9.58883086496
8396.07751978
7906.26421824
7416.31344265
6926.20024823
6435.90422367
5945.41184237
5454.70646044
4963.76901783
4472.58000401
3981.12069704
3489.37163598
2997.31302417
2504.91853325
2012.11765935
1518.72831099
1024.22103725
526.919317326
132.223258246
-9.0326188154
-9.56417891927
8392.265062
7902.42935014
7412.43255008
6922.25011406
6431.86607863
5941.27120526
5450.45520847
4959.40756553
4468.11826813
3976.57966052
3484.78692098
2992.73485138
2500.41161861
2007.77553051
1514.70701564
1021.01615557
525.672426153
134.036400881
-9.09281668594
-9.5445079655
8388.63289493
7898.77703158
7408.73868926
6918.4934337
6428.02911989
5937.34030147
5446.42163161
4955.26934169
4463.88238513
3972.26403717
3480.42446972
2988.38140404
2496.15845928
2003.78709783
1511.29499218
1018.78779106
526.292099483
136.405855777
-9.11039339589
-9.5399363657
8385.20480423
7895.32966694
7405.25414559
6914.94959057
6424.40893751
5933.62940938
5442.6092403
4951.34972306
4459.85716604
3968.14512055
3476.23738995
2984.17237704
2492.01213923
1999.85528635
1507.85165413
1016.29766023
525.857435579
137.18470577
-9.11195959483
-9.54929409745
8382.00325846
7892.11011009
7401.9988176
6911.63716045
6421.02160745
5930.15100083
5439.02579709
4947.65010054
4456.03445824
3964.199319
3472.17816735
2980.02184577
2487.81645544
1995.69825158
1503.87358798
1012.683929
522.996596516
135.744750646
-9.12282027655
-9.5530741946
8379.05124701
7889.13633688
7398.99342601
6908.57546725
6417.88498413
5926.92094337
5435.68399739
4944.1785381
4452.41596642
3960.41916618
3468.22653579
2975.88447652
2483.48702771
1991.17954111
1499.16992672
1007.62355008
517.548799898
132.401182696
-9.08373429198
-9.55160240371
8376.36842195
7886.42538884
7396.25816469
6905.78394973
6415.01857474
5923.95900997
5432.60352054
4940.9541109
4449.01843268
3956.81692586
3464.39987897
2971.7685158
2479.02191704
1986.29493692
1493.8746014
1001.31911515
510.151370381
128.063482746
-8.93213115326
-9.555667359
8373.97235538
7883.9908078
7393.81492827
6903.28190876
6412.44330975
5921.28854887
5429.81135973
4938.00775436
4445.87482384
3953.41459365
3460.76641579
2967.73703152
2474.49966456
1981.13866194
1487.78619056
994.470982181
501.717284324
123.290511877
-8.67917681906
-9.56186165862
8371.85097517
7881.8998303
7391.66553848
6901.08654846
6410.18218825
5918.93718761
5427.34201314
4935.38653222
4443.06091623
3950.36437043
3457.3146077
2963.86790124
2470.06304508
1975.93951377
1481.56172949
986.98205015
492.365671257
117.599026689
-8.64341222642
-9.5769645536
8370.06120235
7880.1104769
7389.84161488
6899.22328126
6408.25914406
5916.93236259
5425.22758491
4933.12581417
4440.60803416
3947.65401306
3454.24296793
2960.33737819
2465.91629744
1970.96130176
1475.45441979
979.387547497
482.580440459
111.319334696
-8.76603879677
-9.59955644372
8368.6049916
7878.65088948
7388.35921364
6897.70893423
6406.69644443
5915.30199646
5423.50414589
4931.27512028
4438.58338742
3945.39044873
3451.65126705
2957.30405723
2462.28137042
1966.5041513
1469.86432325
972.260480111
473.317797161
105.380702676
-8.95597240669
-9.65033538003
8367.48792782
7877.53262065
7387.22843841
6896.5578466
6405.51365192
5914.07239996
5422.20623049
4929.88096963
4437.05207809
3943.66528264
3449.6539486
2954.93070567
2459.38631332
1962.88679874
1465.24001425
966.253834639
465.648713801
100.741471253
-9.14731106966
-9.75767565237
8366.71496806
7876.76238233
7386.45653732
6895.78030776
6404.72512088
5913.26379477
5421.36389103
4928.98392838
4436.07040908
3942.55755621
3448.3591607
2953.36658962
2457.43940855
1960.39705317
1461.99183157
961.961970127
460.241170337
97.5611475245
-9.29899917135
-9.87989256247
8366.28679622
7876.34221517
7386.04577537
6895.38146497
6404.33851591
5912.88860568
5420.99595541
4928.61401663
4435.68292477
3942.12716551
3447.85005699
2952.72761047
2456.5998814
1959.25771235
1460.42378926
959.802536298
457.545598324
96.0260671897
-9.40682511781
-9.99456297172
8366.1971135
7876.26646292
7385.99120279
6895.35785206
6404.35405446
5912.95094639
5421.1111709
4928.78584938
4435.91217137
3942.41016397
3448.17826624
2953.0862727
2456.96649701
1959.60154798
1460.70532207
959.958558449
457.808186003
96.3238195624
-9.45808428221
-10.0685705725
8366.43505266
7876.524263
7386.28240274
6895.69954865
6404.76292725
5913.44394204
5421.70519494
4929.49840093
4436.76135479
3943.41488454
3449.3584936
2954.46514326
2458.57117622
1961.46727152
1462.87456278
962.447540853
460.832705376
98.1168567223
-9.42597198392
-10.0188490866
8366.98331093
7877.09770799
7386.90231698
6896.38932261
6405.54702157
5914.34904242
5422.75957251
4930.73324824
4438.21161952
3945.12077872
3451.3682687
2956.83778762
2461.3828689
1964.8192489
1466.90516124
967.335598487
466.55623784
101.310103478
-9.30357324446
-9.9080605732
8367.81552798
7877.96139247
7387.82434464
6897.39972037
6406.67834275
5915.63651346
5424.24194641
4932.45411395
4440.22118735
3947.47871255
3454.1470332
2960.12789339
2465.3024752
1969.52761102
1472.63507948
974.440599464
474.791815528
105.835077645
-9.07543723329
-9.76297930663
8368.90096522
7879.08396477
7389.01651109
6898.6976176
6408.12100968
5917.26683347
5426.10755761
4934.609216
4442.72902091
3950.41467039
3457.60208825
2964.2147541
2470.16348276
1975.34586723
1479.6552481
983.007686449
485.194224304
112.483791969
-8.67144518766
-9.63304102618
8370.20629977
7880.4308054
7390.4423621
6900.24313173
6409.83108186
5919.19070266
5428.30011489
4937.13340017
4445.65805879
3953.83506239
3461.61766047
2968.95187155
2475.77668586
1982.0256576
1487.62510911
992.496714699
496.394728667
119.299693958
-8.13649626323
-9.59204494604
8371.6913312
7881.96159897
7392.05868553
6901.9901036
6411.75777487
5921.35110818
5430.75466024
4939.95111597
4448.91901082
3957.63296076
3466.06400913
2974.18011497
2481.94630476
1989.32756143
1496.2742582
1002.73613403
508.542627319
126.955559554
-7.48006712903
-9.58920597373
8373.31188059
7883.62997499
7393.81781115
6903.88732574
6413.84503189
5923.68563913
5433.40022449
4942.98007793
4452.4150852
3961.69384267
3470.80418369
2979.7351489
2488.47568311
1997.02101994
1505.3494734
1013.47082617
521.328592442
135.138025022
-6.68105937689
-9.60487867865
8375.02065882
7885.38775897
7395.66905103
6905.88075168
6416.03382351
5926.12832653
5436.16190967
4946.13431828
4456.04626869
3965.89950223
3475.6987968
2985.4516595
2495.1699726
2004.87809902
1514.58341667
1024.36277016
534.229133492
143.477652126
-5.70751718168
-9.68052161656
8376.76997405
7887.18634629
7397.56107564
6907.91516342
6418.26372144
5928.6117864
5438.9633554
4949.32637988
4459.7114982
3970.13310399
3480.6103422
2991.16846773
2501.83954971
2012.67401244
1523.70623823
1035.07094236
546.813880344
151.797682111
-4.44424692279
-9.59829213895
8378.5120949
7888.97657072
7399.44238661
6909.93553729
6420.47454343
5931.06929783
5441.72961474
4952.47108218
4463.3133249
3974.28162331
3485.40838926
2996.73354555
2508.30602949
2020.19808835
1532.46910672
1045.29208253
558.713225843
159.713162286
-3.08834073903
-9.57726535705
8380.20000825
7890.71028033
7401.2627733
6911.88793446
6422.60781114
5933.43651294
5444.38908148
4955.48770994
4466.76002125
3978.24051618
3489.97236928
3002.00801467
2514.40841747
2027.26312557
1540.65710081
1054.79356744
569.76392347
167.238865632
-1.71556776464
-9.54473776831
8381.78893774
7892.34158224
7402.97430052
6913.7214848
6424.60835147
5935.65291434
5446.87480232
4958.30154271
4469.96759669
3981.91535023
3494.1954054
3006.86986904
2520.00712772
2033.70665026
1548.07431605
1063.33829676
579.741804507
174.75250967
0.0113641889229
-9.47806395055
8383.23756309
7893.82795494
7404.53277144
6915.38931682
6426.42577196
5937.66351569
5449.12602859
4960.84525972
4472.86119321
3985.22224934
3497.984799
3011.21646451
2524.98832313
2039.39882394
1554.55419856
1070.62465107
587.729088779
179.537707747
0.678688891307
-9.53284219466
8384.50859514
7895.13122207
7405.89843656
6916.84954723
6428.01524644
5939.41976349
5451.08948413
4963.06019341
4475.3760881
3988.0908042
3501.26360339
3014.96557393
2529.26751898
2044.26315881
1560.05656862
1076.76598525
594.482015639
184.087388966
1.74835885786
-9.57766510159
8385.56999357
7896.21750765
7407.03649696
6918.0655507
6429.33776921
5940.87947811
5452.71956633
4964.89658892
4477.45890082
3990.46207243
3503.96947314
3018.05154715
2532.78002902
2048.24579662
1564.56042969
1081.81701539
600.15802451
188.179670075
2.78463217232
-9.67265881537
8386.39677319
7897.06003396
7407.91840505
6919.00739256
6430.36143651
5942.00862747
5453.97964702
4966.31546013
4479.0659753
3992.28803081
3506.05231562
3020.42141398
2535.47224296
2051.29495208
1568.01645633
1085.71582194
604.552847083
191.132748851
3.37913275379
-9.79534789416
8386.97779038
7897.65229429
7408.5377616
6919.66847696
6431.07900061
5942.79896627
5454.86022365
4967.30502977
4480.18475105
3993.55762474
3507.49300125
3022.05648821
2537.32629821
2053.39241271
1570.39548858
1088.42978212
607.652367868
192.965990809
3.09413716013
-10.0982528408
8387.32172423
7898.0015606
7408.90291369
6920.06006382
6431.50347396
5943.26429156
5455.37515341
4967.87945455
4480.82889148
3994.28186868
3508.30804132
3022.9758756
2538.36800671
2054.58181934
1571.74910219
1090.02253777
609.773435023
195.626653542
3.5415075498
-11.3852872472
)
;
    }
    atmosphere
    {
        type            calculated;
        value           nonuniform List<scalar> 
100
(
-13.4640566669
-9.81
-9.81001177512
-9.8101828655
-9.81000895708
-9.81
-9.81
-9.81000438137
-9.81002263897
-9.81
-10.0044064522
-9.80999995691
-9.81000437731
-9.81000407897
-9.8099999999
-9.99033302498
-10.1985386338
-10.3400244743
-10.4178099454
-10.2939699697
-10.1455143115
-9.99134401403
-9.84492290762
-9.81
-9.81000002463
-9.81017931829
-9.81
-9.81
-9.81009147585
-9.81349468495
-9.81661112745
-9.81792861082
-9.81315797726
-9.80999991165
-9.80999934492
-9.90315340027
-9.81
-9.81777639863
-9.81964521381
-9.81
-9.81798200776
-9.84577658613
-9.8437136745
-9.83645197735
-9.83133180447
-9.81008273501
-9.95957702564
-9.92390529514
-10.2956760757
-545.319590852
-545.531901366
-10.2956025644
-9.92385550912
-9.95959826718
-9.8100860381
-9.83134332711
-9.83645811824
-9.84371468476
-9.84576961744
-9.8179826357
-9.81
-9.81964805695
-9.8177720543
-9.81
-9.90315689344
-9.80999934533
-9.80999991187
-9.8131585831
-9.81792889611
-9.81661133561
-9.81349453013
-9.81009142282
-9.81
-9.81
-9.81017930093
-9.81000002443
-9.81
-9.84492119424
-9.99136514688
-10.1455167346
-10.2939569789
-10.4177978787
-10.3400437503
-10.1985325918
-9.9903057152
-9.8099999999
-9.81000408215
-9.81000438983
-9.80999995691
-10.0043999867
-9.81
-9.81002265834
-9.81000439299
-9.81
-9.81
-9.81000892639
-9.81018281857
-9.81001180339
-9.81
-13.4638079829
)
;
    }
    floatingObject
    {
        type            calculated;
        value           nonuniform List<scalar> 
16
(
4552.54980992
4071.40792701
3591.84441263
3114.05814108
4783.20460798
2920.38114163
4783.82442603
2930.64281872
4783.82177695
2930.63822053
4783.19622668
4552.52654634
4071.37958444
3591.8135785
2920.36722433
3114.02823623
)
;
    }
}


// ************************************************************************* //
