/*--------------------------------*- C++ -*----------------------------------*\
| =========                 |                                                 |
| \\      /  F ield         | OpenFOAM: The Open Source CFD Toolbox           |
|  \\    /   O peration     | Version:  v2012                                 |
|   \\  /    A nd           | Website:  www.openfoam.com                      |
|    \\/     M anipulation  |                                                 |
\*---------------------------------------------------------------------------*/
FoamFile
{
    version     2.0;
    format      ascii;
    class       surfaceScalarField;
    location    "3.8";
    object      phi;
}
// * * * * * * * * * * * * * * * * * * * * * * * * * * * * * * * * * * * * * //

dimensions      [0 3 -1 0 0 0 0];
oriented        oriented;


internalField   nonuniform List<scalar> 
3840
(
2.68597894969e-06
-2.68827978097e-06
3.59580254955e-06
-9.12356364098e-07
3.83907500213e-06
-2.45767315605e-07
3.99842871466e-06
-1.61632871423e-07
4.26329491459e-06
-2.66752966141e-07
4.61651734455e-06
-3.54783367515e-07
5.03468072817e-06
-4.19202702091e-07
5.55553770888e-06
-5.21574152244e-07
6.24682246762e-06
-6.91442474744e-07
7.24359600859e-06
-9.9650432068e-07
8.70060011655e-06
-1.45662309562e-06
1.10751004631e-05
-2.37386514713e-06
1.50092242863e-05
-3.93315990524e-06
2.161373829e-05
-6.60340237627e-06
3.12113242591e-05
-9.59651879939e-06
3.71338044062e-05
-5.92183500109e-06
4.36166075702e-05
-6.48266655925e-06
4.20577220119e-05
1.5546991936e-06
2.29453198521e-05
1.91218252514e-05
6.58753797472e-05
8.17518996757e-07
-3.50834602013e-06
1.3791566569e-06
-1.47668914633e-06
1.62496021947e-06
-4.94167946902e-07
1.6365860148e-06
-1.75550204571e-07
1.53416690218e-06
-1.66131933904e-07
1.37255051255e-06
-1.94564367572e-07
1.20462352615e-06
-2.5238251986e-07
1.05850522952e-06
-3.74993335571e-07
1.00966159739e-06
-6.43437351391e-07
1.17286519181e-06
-1.15902670388e-06
1.76755309076e-06
-2.05072112685e-06
2.95221742884e-06
-3.55786969808e-06
5.09291868188e-06
-6.07303895713e-06
8.36113196514e-06
-9.87061555482e-06
1.31433007099e-05
-1.43777888144e-05
2.02882016346e-05
-1.30662240823e-05
2.54955177288e-05
-1.16897955681e-05
5.23848508236e-05
-2.5316389423e-05
7.28559977896e-05
-1.36697629459e-06
3.44357352115e-05
8.76675807521e-08
-3.59860902391e-06
2.94751814901e-07
-1.68647767029e-06
3.46242825363e-07
-5.48217313921e-07
1.85724979164e-07
-1.72406572514e-08
-1.61076518546e-07
1.79024131671e-07
-6.33192259386e-07
2.76313180499e-07
-1.17551513114e-06
2.89775992338e-07
-1.78603051332e-06
2.3444268724e-07
-2.41004052232e-06
-1.76537132057e-08
-2.96611747151e-06
-6.03491196274e-07
-3.3354149615e-06
-1.68103205618e-06
-3.39861299958e-06
-3.49423912831e-06
-3.15480669227e-06
-6.31623501736e-06
-2.14752713409e-06
-1.08771877294e-05
2.28119585088e-07
-1.67527209826e-05
6.88241671774e-06
-1.97201417521e-05
1.29789620208e-05
-1.77862234614e-05
2.77851327356e-05
-4.01042993278e-05
3.93640896865e-05
-1.29590360332e-05
1.83046594932e-05
-1.04532437794e-08
-3.59069405164e-06
-1.30162286396e-08
-1.68652534677e-06
-1.35606186922e-07
-4.28047245913e-07
-4.38421168484e-07
2.83563726484e-07
-9.47988259213e-07
6.87215287056e-07
-1.60410401385e-06
9.31656301449e-07
-2.43603807928e-06
1.12121719371e-06
-3.39256318133e-06
1.19197366762e-06
-4.46942041118e-06
1.05744577383e-06
-5.69997838536e-06
6.2886094886e-07
-7.01621306984e-06
-3.65261020658e-07
-8.35148076226e-06
-2.15898418193e-06
-9.6205731743e-06
-5.04695882257e-06
-1.06676772629e-05
-9.82968671051e-06
-1.07464670138e-05
-1.6673494119e-05
-6.91550970728e-06
-2.35508359961e-05
-3.22556969813e-06
-2.14762110411e-05
4.52484165581e-06
-4.78420582952e-05
7.58904488967e-06
-1.60318670592e-05
1.40431655679e-05
1.5556101468e-07
-3.74867910686e-06
1.08206518021e-07
-1.6416278886e-06
-9.59565632262e-08
-2.26098095719e-07
-4.69766652907e-07
6.5563504091e-07
-1.03592073582e-06
1.2523330918e-06
-1.8172391053e-06
1.71270886615e-06
-2.80917280572e-06
2.11332087925e-06
-4.02994886354e-06
2.41285622671e-06
-5.55167262289e-06
2.57970493555e-06
-7.3563495315e-06
2.43188389381e-06
-9.49929123348e-06
1.77747883601e-06
-1.19949779443e-05
3.36221837224e-07
-1.47652245171e-05
-2.27691175239e-06
-1.77729653383e-05
-6.82191015568e-06
-2.03920812611e-05
-1.4054210588e-05
-2.14745635458e-05
-2.24682399562e-05
-2.04836046385e-05
-2.24672305921e-05
-1.94862899909e-05
-4.88264263336e-05
-1.64913169644e-05
-1.90357514788e-05
7.54743237974e-06
3.76071160065e-07
-4.12702798877e-06
4.44772199896e-07
-1.71259946168e-06
2.79541302624e-07
-6.28370093843e-08
-1.10067190501e-07
1.04382158235e-06
-6.89613089635e-07
1.83119666034e-06
-1.52965343622e-06
2.55290020234e-06
-2.63453606486e-06
3.21889414014e-06
-4.09386632377e-06
3.87261862129e-06
-5.9242625202e-06
4.40992912031e-06
-8.2292883615e-06
4.73599237529e-06
-1.10566803311e-05
4.60351726887e-06
-1.45662790483e-05
3.8449329286e-06
-1.87248958641e-05
1.88110658897e-06
-2.36819554535e-05
-1.86514633196e-06
-2.9435482665e-05
-8.30076491748e-06
-3.4608634246e-05
-1.72951113716e-05
-3.86022565742e-05
-1.84736944238e-05
-4.37353771987e-05
-4.36813980761e-05
-4.33962135456e-05
-1.9382893198e-05
2.15202675352e-06
6.15741868452e-07
-4.74489416373e-06
8.11309034749e-07
-1.91025030127e-06
7.7565564284e-07
-2.8909257097e-08
4.90957816083e-07
1.32741338944e-06
-3.91369261919e-08
2.36098036561e-06
-8.35731266651e-07
3.34997872502e-06
-2.00494757425e-06
4.38913632294e-06
-3.60114635106e-06
5.4694142526e-06
-5.67839895734e-06
6.48707587315e-06
-8.40607945121e-06
7.4623794276e-06
-1.19020944752e-05
8.09788170752e-06
-1.62552639852e-05
8.19691690824e-06
-2.16440593596e-05
7.26900445635e-06
-2.81016682226e-05
4.59189775651e-06
-3.63161905892e-05
-8.65306224826e-08
-4.57800481745e-05
-7.83138990038e-06
-5.52561950837e-05
-8.99765023034e-06
-6.44394607028e-05
-3.44876482273e-05
-6.90268587417e-05
-1.48022486194e-05
1.50364803957e-07
8.68061152315e-07
-5.61495088565e-06
1.29428548989e-06
-2.3384086707e-06
1.43142469537e-06
-1.67578281006e-07
1.31002850929e-06
1.44796441389e-06
9.07400189034e-07
2.76360198174e-06
2.09941903326e-07
4.0482374704e-06
-9.23249642702e-07
5.52355949745e-06
-2.54240193323e-06
7.08943284585e-06
-4.82104064278e-06
8.76533177016e-06
-7.83960321219e-06
1.04797589867e-05
-1.17711168023e-05
1.20272766309e-05
-1.68144913504e-05
1.3238848855e-05
-2.31776039279e-05
1.36309707743e-05
-3.1329707177e-05
1.27432198394e-05
-4.17214713434e-05
1.03047803429e-05
-5.49174430649e-05
5.3643541005e-06
-6.8527816578e-05
4.61257843644e-06
-8.20882951001e-05
-2.09149296874e-05
-9.04662288476e-05
-6.43279633836e-06
7.02617164359e-07
1.12035937627e-06
-6.73723592327e-06
1.85319510759e-06
-3.07310323861e-06
2.25693173916e-06
-5.72738935612e-07
2.37266846575e-06
1.33153143469e-06
2.19827741166e-06
2.93818035283e-06
1.63946958828e-06
4.60800874687e-06
6.75275079433e-07
6.48911482591e-06
-9.00054400682e-07
8.66556953623e-06
-3.14272145691e-06
1.10077460158e-05
-6.27891613285e-06
1.36143944521e-05
-1.05124798072e-05
1.62586841028e-05
-1.60492546611e-05
1.87740111147e-05
-2.31647905877e-05
2.07451888341e-05
-3.22665458358e-05
2.18440367569e-05
-4.41658547263e-05
2.22035112767e-05
-5.98604298145e-05
2.10586296463e-05
-7.69571621515e-05
2.17091583216e-05
-9.3762454046e-05
-4.09900865573e-06
-0.00010630571694
6.10344615355e-06
3.25663910886e-06
1.44729108907e-06
-8.1864665511e-06
2.52114725692e-06
-4.14883684131e-06
3.25278990736e-06
-1.30581039508e-06
3.68829660393e-06
8.95347362035e-07
3.80903023933e-06
2.81766047507e-06
3.55293456739e-06
4.8651055452e-06
2.80508983884e-06
7.23826469637e-06
1.48239802316e-06
9.98906251929e-06
-6.50321226572e-07
1.31397836249e-05
-3.68168503799e-06
1.66441916962e-05
-7.92717145355e-06
2.05015215911e-05
-1.36042753561e-05
2.44493060445e-05
-2.10460781065e-05
2.81855102886e-05
-3.06534286292e-05
3.14503085957e-05
-4.3329336723e-05
3.48787276912e-05
-6.04372276736e-05
3.81661492087e-05
-8.0337026432e-05
4.16087691011e-05
-0.000100822429102
1.63980807208e-05
-0.000116082109468
2.13552121629e-05
6.81580727323e-06
1.9107628291e-06
-1.00992654406e-05
3.33362517137e-06
-5.57367778911e-06
4.44558146965e-06
-2.41929330981e-06
5.26542187433e-06
7.47325281511e-08
5.78360527536e-06
2.29959131036e-06
5.92136755622e-06
4.72818412785e-06
5.5698932709e-06
7.59085601821e-06
4.57638271828e-06
1.09830034904e-05
2.8336007854e-06
1.48817186336e-05
4.85008442472e-08
1.94271744946e-05
-3.93502314402e-06
2.44821486874e-05
-9.47382232834e-06
2.99861013905e-05
-1.69295922972e-05
3.56396246659e-05
-2.6745865825e-05
4.12653367525e-05
-3.97289555374e-05
4.78609814407e-05
-5.704021718e-05
5.5476937351e-05
-7.78821936754e-05
6.24505300556e-05
-0.00010084733735
3.93739547895e-05
-0.000117798366398
3.82994323444e-05
1.00730402026e-05
2.28282082819e-06
-1.23842616712e-05
4.2305963421e-06
-7.52356143866e-06
5.83530633883e-06
-4.02566120688e-06
7.13498530822e-06
-1.22586993852e-06
8.13417924234e-06
1.30031109153e-06
8.76677541319e-06
4.09618081605e-06
8.93386017266e-06
7.42453795034e-06
8.49690287718e-06
1.14200554093e-05
7.26052638855e-06
1.61166013653e-05
5.04584321536e-06
2.16394503112e-05
1.56413162577e-06
2.79602426289e-05
-3.51323344185e-06
3.50611852931e-05
-1.06545020377e-05
4.27789853936e-05
-2.04248773557e-05
5.10341973988e-05
-3.3141752605e-05
6.05767772434e-05
-4.897934453e-05
7.13138698967e-05
-6.85471735089e-05
8.20180956407e-05
-9.31372786834e-05
6.39730266858e-05
-0.000112089254455
5.72465526866e-05
1.43342645621e-05
2.84531717716e-06
-1.52318583254e-05
5.28319085166e-06
-9.96361620425e-06
7.40506236944e-06
-6.14927130924e-06
9.25837783236e-06
-3.08023844402e-06
1.08418220474e-05
-2.83431016779e-07
1.20971232471e-05
2.84113136591e-06
1.292628506e-05
6.59573876964e-06
1.31845451651e-05
1.11613540181e-05
1.26901168303e-05
1.6609076714e-05
1.1297330829e-05
2.30292226879e-05
8.69261194003e-06
3.05607489031e-05
4.50367582096e-06
3.92474439081e-05
-1.73777066717e-06
4.90180562969e-05
-1.04686026824e-05
5.97629856791e-05
-2.16274309514e-05
7.17340156198e-05
-3.48509514535e-05
8.45363473776e-05
-5.22538610318e-05
9.94205873059e-05
-7.82489672237e-05
8.9978164211e-05
-9.95989866782e-05
7.85909182326e-05
2.23080244963e-05
3.35683504482e-06
-1.8590950829e-05
6.382248449e-06
-1.29911451128e-05
9.12220123424e-06
-8.89092141461e-06
1.16184820046e-05
-5.57761157409e-06
1.38680901521e-05
-2.5335080681e-06
1.58378616693e-05
8.71317583126e-07
1.74232872786e-05
5.01030870852e-06
1.85931406354e-05
9.99056885745e-06
1.91277771516e-05
1.60717442822e-05
1.8819998412e-05
2.33328112149e-05
1.74240615221e-05
3.19512143429e-05
1.4523495858e-05
4.21437208436e-05
9.84235877862e-06
5.36948765843e-05
2.92919785876e-06
6.66718813159e-05
-5.91634194958e-06
8.05760117729e-05
-1.58080840283e-05
9.4425511033e-05
-3.03070565803e-05
0.000113918502597
-5.77019366437e-05
0.000117386399248
-7.94458003484e-05
0.000100328822763
3.30119068075e-05
4.02421078372e-06
-2.26172128971e-05
7.62907335673e-06
-1.65978773416e-05
1.09889782255e-05
-1.22523190004e-05
1.41723855405e-05
-8.76200905379e-06
1.7162894865e-05
-5.52452859806e-06
1.99628705462e-05
-1.92876838038e-06
2.25301679549e-05
2.44259850597e-06
2.47009152165e-05
7.81832905735e-06
2.63915096542e-05
1.43767514077e-05
2.74167165201e-05
2.23030997282e-05
2.75086525791e-05
3.18494930242e-05
2.65893994495e-05
4.30556402428e-05
2.41211657931e-05
5.61547920466e-05
1.99163860715e-05
7.08692016193e-05
1.38245715852e-05
8.66609544511e-05
6.22643614356e-06
0.000102019602029
-6.55993136714e-06
0.000126703215036
-3.27683571806e-05
0.000143615973349
-5.03055614221e-05
0.000117858540614
4.83862860982e-05
4.61626482667e-06
-2.72351844156e-05
8.91908582173e-06
-2.09021530446e-05
1.29542057545e-05
-1.62885647148e-05
1.68450335803e-05
-1.26535473345e-05
2.06678833988e-05
-9.34712582578e-06
2.4385374187e-05
-5.64644688383e-06
2.79550658428e-05
-1.12722421987e-06
3.1311562921e-05
4.45979052044e-06
3.43551190242e-05
1.13304986785e-05
3.69456850316e-05
1.97053543875e-05
3.89801299866e-05
2.98051471544e-05
4.01561362591e-05
4.18695246158e-05
4.02592669905e-05
5.60413055492e-05
3.91568296461e-05
7.19607410056e-05
3.69321162912e-05
8.88770843479e-05
3.07746212928e-05
0.000108171176592
2.00122455917e-05
0.000137463512856
2.53679140672e-06
0.000161116410389
-8.66262184679e-06
0.000129047608514
8.16001123352e-05
5.20380931413e-06
-3.24401477925e-05
1.01660283108e-05
-2.58652027911e-05
1.49390091149e-05
-2.1061932655e-05
1.96190586054e-05
-1.73322922663e-05
2.42904854035e-05
-1.40179032853e-05
2.89688190548e-05
-1.03236735836e-05
3.36462897818e-05
-5.80428774175e-06
3.82611109436e-05
-1.55508568969e-07
4.27687951382e-05
6.81773549527e-06
4.71038051188e-05
1.53627694772e-05
5.11323092935e-05
2.57638261268e-05
5.46564523667e-05
3.83303348295e-05
5.74524743219e-05
5.32277145174e-05
5.9358161071e-05
7.00379603515e-05
6.06624011635e-05
8.75572899019e-05
6.20477610278e-05
0.000106775482689
6.04319568067e-05
0.000139075461535
5.64501320655e-05
0.000165107739491
5.9894282187e-05
0.000125613770196
0.000132173323559
5.85438232648e-06
-3.8294939659e-05
1.14337340306e-05
-3.14444954611e-05
1.68878746111e-05
-2.65142015522e-05
2.2338376916e-05
-2.27810340139e-05
2.78784439247e-05
-1.95553672137e-05
3.3548571385e-05
-1.59911795058e-05
3.93471566421e-05
-1.16012311842e-05
4.53036524428e-05
-6.11173851036e-06
5.14323500279e-05
6.86695508287e-07
5.76960604466e-05
9.0935761876e-06
6.39987429705e-05
1.94520635895e-05
7.02316061992e-05
3.20853337863e-05
7.61539861016e-05
4.72910536065e-05
8.15995308655e-05
6.45778425054e-05
8.69529167686e-05
8.21910047881e-05
9.46287408495e-05
9.90911393341e-05
0.000101243795208
0.000132457432877
0.000106715975138
0.000159659593857
0.000128252626847
0.00010404321018
0.000280047853288
6.43253119971e-06
-4.47278747739e-05
1.26224716078e-05
-3.76336489491e-05
1.87284212427e-05
-3.26182279397e-05
2.49061896317e-05
-2.89555500979e-05
3.12859547959e-05
-2.59301476377e-05
3.78959580352e-05
-2.2597966358e-05
4.48391319423e-05
-1.85418043583e-05
5.21918611952e-05
-1.34635516303e-05
5.99802553821e-05
-7.1038340629e-06
6.82983781759e-05
7.6934215811e-07
7.7067588219e-05
1.06723989224e-05
8.62994947338e-05
2.28391863437e-05
9.59903845338e-05
3.7583498865e-05
0.000105942725032
5.46085142931e-05
0.000116209242612
7.19097198917e-05
0.000128447675423
8.68432249427e-05
0.000142555499867
0.000118346411904
0.00015927730072
0.000142958925445
0.00019765036804
6.56378195494e-05
0.000541351953765
6.96298921026e-06
-5.16906502636e-05
1.3673523481e-05
-4.43433535275e-05
2.03760291052e-05
-3.9317673941e-05
2.7228993421e-05
-3.58041413338e-05
3.43196649659e-05
-3.30166520699e-05
4.18533618216e-05
-3.01270787254e-05
4.9920865125e-05
-2.66053846388e-05
5.86212673043e-05
-2.21620938547e-05
6.80700722923e-05
-1.65543829828e-05
7.83393787539e-05
-9.50636194743e-06
8.96522805145e-05
-6.51917446485e-07
0.000102073871607
1.04019158537e-05
0.000115735030064
2.39040830915e-05
0.000130743582082
3.95816270011e-05
0.000147088595582
5.55491722037e-05
0.000163469855112
7.04523947306e-05
0.000183179669748
9.863339277e-05
0.000206471066342
0.000119683506387
0.000288317769398
-1.62719074572e-05
0.000512097655928
7.35439236518e-06
-5.90450244522e-05
1.45578998924e-05
-5.15463093224e-05
2.1755751001e-05
-4.65135599607e-05
2.91571330473e-05
-4.32018439748e-05
3.69622377294e-05
-4.08165394976e-05
4.53298893451e-05
-3.84887298424e-05
5.43825806471e-05
-3.56526333919e-05
6.43021445005e-05
-3.20784543904e-05
7.52368708327e-05
-2.74898309687e-05
8.74008432562e-05
-2.16761476664e-05
0.000101025810148
-1.42880749771e-05
0.000116408674044
-4.99663625469e-06
0.000133847501953
6.44706549952e-06
0.000153562537585
1.98486583353e-05
0.000175468771793
3.36282566913e-05
0.000197334470514
4.85780844312e-05
0.000222661919561
7.33030020653e-05
0.000251200195612
9.11717391921e-05
0.00040180298793
-0.000166965774457
-0.000203841614382
7.66224867121e-06
-6.67077731786e-05
1.5223724788e-05
-5.91076766327e-05
2.2827296166e-05
-5.41152760217e-05
3.06999200384e-05
-5.1070343319e-05
3.90604288717e-05
-4.91708079596e-05
4.81228941439e-05
-4.75437000859e-05
5.80012695417e-05
-4.55237627527e-05
6.89359916639e-05
-4.30080663983e-05
8.11618316366e-05
-3.97145386744e-05
9.4948052369e-05
-3.54664595953e-05
0.000110617366174
-2.99669246661e-05
0.00012857000131
-2.29632747921e-05
0.000149320497528
-1.43197247904e-05
0.000173424978767
-4.27153279913e-06
0.000199918215095
7.12277100582e-06
0.000228820099759
1.96695353197e-05
0.0002605212295
4.15998636844e-05
0.000297325029593
5.43768691172e-05
0.000384655165283
-0.000254252210133
-3.37388949935e-05
7.86690352895e-06
-7.45771483412e-05
1.56531196715e-05
-6.68951010076e-05
2.35267239107e-05
-6.19874500212e-05
3.17263520328e-05
-5.92650624405e-05
4.05056064955e-05
-5.79416569609e-05
5.00088734349e-05
-5.70359793576e-05
6.0536047824e-05
-5.60391914665e-05
7.22734809054e-05
-5.47353909525e-05
8.55148984697e-05
-5.29497709092e-05
0.000100555293752
-5.05064732366e-05
0.000117826772017
-4.72443421295e-05
0.000137842814605
-4.29905088658e-05
0.000161143956051
-3.76347766379e-05
0.000188209427776
-3.13502070439e-05
0.000219465385902
-2.4142551439e-05
0.000253510815977
-1.43799750771e-05
0.000292276143534
2.83398975246e-06
0.000338205622696
8.44611201105e-06
0.000405106838577
-0.000321076044119
0.000198000288082
7.94946217984e-06
-8.2531395652e-05
1.58025592445e-05
-7.47505694821e-05
2.37934340622e-05
-6.99763638973e-05
3.21620009262e-05
-6.76261762177e-05
4.11349957858e-05
-6.69016094634e-05
5.0954475845e-05
-6.68381408331e-05
6.18673191415e-05
-6.69329669e-05
7.41113724474e-05
-6.69598926883e-05
8.80357466382e-05
-6.68604615491e-05
0.000103951248228
-6.64162631539e-05
0.000122360566698
-6.56562449185e-05
0.000143765544298
-6.44046503908e-05
0.000168835562406
-6.27169054241e-05
0.000198288098819
-6.0813253561e-05
0.000232607405255
-5.84675481345e-05
0.000270544393579
-5.2317936783e-05
0.00031486763889
-4.14884644293e-05
0.000369102842102
-4.57981410248e-05
0.000432249654493
-0.000384116280579
0.000685589483975
7.84892501817e-06
-9.03858975479e-05
1.5642932035e-05
-8.25469146177e-05
2.35867592541e-05
-7.79172524855e-05
3.1934761503e-05
-7.59646003634e-05
4.09320786597e-05
-7.58827185103e-05
5.08246577028e-05
-7.67094191574e-05
6.18607172365e-05
-7.79417658064e-05
7.43249894614e-05
-7.93981396332e-05
8.851393613e-05
-8.10275983993e-05
0.000104857498015
-8.27490919524e-05
0.000123793099437
-8.45915353035e-05
0.000145888343869
-8.65068472642e-05
0.000171862321775
-8.87006501696e-05
0.000202340093637
-9.12989054984e-05
0.000237468460498
-9.35993553442e-05
0.000277633499419
-9.24829575849e-05
0.000324000957646
-8.78552305037e-05
0.00037967903182
-0.000101481920834
0.000439875627212
-0.000443851415368
0.0013647562283
7.60759067056e-06
-9.80009821545e-05
1.51759607252e-05
-9.01185960769e-05
2.28994163454e-05
-8.56368365904e-05
3.10414274069e-05
-8.40935196467e-05
3.98462626728e-05
-8.46649185719e-05
4.95600154036e-05
-8.63910241069e-05
6.04377649528e-05
-8.87797637159e-05
7.27729856674e-05
-9.16900487129e-05
8.68820130322e-05
-9.50867010092e-05
0.000103158376023
-9.90071594034e-05
0.000122061053305
-0.000103490799944
0.000144174951656
-0.000108628659213
0.000170075291633
-0.000114614501878
0.000200428904725
-0.000121665061739
0.000235752685577
-0.000128930387502
0.000276114117525
-0.000132846727387
0.000321303385524
-0.000133044850489
0.000374358955619
-0.000154550071687
0.000615009968384
-0.000683849317032
-0.00268806740959
7.22064887092e-06
-0.000105223134991
1.43986720731e-05
-9.72953625399e-05
2.17385569059e-05
-9.29713618205e-05
2.94771707533e-05
-9.18218090516e-05
3.78681343695e-05
-9.3040714716e-05
4.71523662412e-05
-9.56539686488e-05
5.7580398291e-05
-9.91832505961e-05
6.94224346247e-05
-0.000103505814142
8.30298068841e-05
-0.000108658775
9.87556523985e-05
-0.000114722212721
0.00011707625
-0.000121809222198
0.000138527928538
-0.000130085068016
0.00016369107692
-0.000139786108329
0.000193201909652
-0.000151184895461
0.000227605266154
-0.000163341207541
0.000266598663332
-0.000171845410205
0.000308926610872
-0.000175373638989
0.000340467800877
-0.000186108759446
0.000258467551182
-0.000601718203161
-0.00165168896963
6.64418459106e-06
-0.000111866176262
1.3273278645e-05
-0.000103920793644
2.00507129845e-05
-9.97415611909e-05
2.72094192354e-05
-9.89691092381e-05
3.4983211647e-05
-0.000100799219278
4.35994892181e-05
-0.000104251715751
5.32977215555e-05
-0.000108860617592
6.43507386436e-05
-0.000114537502716
7.70724747655e-05
-0.000121350948163
9.18049539043e-05
-0.000129439022647
0.000108995968635
-0.00013899396038
0.000129166655467
-0.000150262963807
0.000152898498117
-0.000163529220707
0.0001807344421
-0.000179033410328
0.000213246410083
-0.000195864710647
0.000251013649693
-0.000209621308731
0.000294135404797
-0.000218498288718
0.000329679797754
-0.000221662307707
0.000358219671486
-0.000630405133453
-0.00077266855733
5.91174488514e-06
-0.000117774714292
1.1820568692e-05
-0.000109824149695
1.78733605299e-05
-0.000105785737555
2.42716335601e-05
-0.000105355212943
3.12301505542e-05
-0.00010774246067
3.89523733201e-05
-0.000111956749165
4.76687410139e-05
-0.000117559334169
5.76095272769e-05
-0.000124462857987
6.90724600313e-05
-0.00013280496559
8.23790561938e-05
-0.000142744163742
9.79415742382e-05
-0.000154557775886
0.000116289579871
-0.000168621778735
0.000137960925414
-0.000185215451022
0.000163426734321
-0.000204515607431
0.000192914783175
-0.00022536798904
0.000227156590051
-0.000243874546154
0.000264903527608
-0.000256250986747
0.00029566667502
-0.000252426886077
0.000336928641051
-0.000671523719966
-0.000193234503829
5.05658165452e-06
-0.000122826921269
1.0088306184e-05
-0.000114849575726
1.52341206575e-05
-0.000110922525124
2.0714764037e-05
-0.000110823811822
2.66777569304e-05
-0.0001136909326
3.32955392228e-05
-0.000118558871012
4.07610043356e-05
-0.000125009821565
4.93207239796e-05
-0.0001330113062
5.91846905172e-05
-0.000142664765138
7.06669228575e-05
-0.000154229417974
8.41418186023e-05
-0.000168040553388
0.000100033785149
-0.000184527823645
0.000118960099847
-0.000204159717213
0.000141425650295
-0.00022700048249
0.000167185167208
-0.000251145322948
0.000194770632614
-0.000271473253882
0.000225812244744
-0.000287299214303
0.000258382665715
-0.000285000502865
0.00031636421914
-0.000729284906471
0.000423524893878
4.03816969237e-06
-0.000126860525294
8.07345806469e-06
-0.000118878749948
1.2209548798e-05
-0.000115050190732
1.65946782547e-05
-0.000115197977196
2.13891232692e-05
-0.000118472426677
2.67448359231e-05
-0.000123900958706
3.27949407426e-05
-0.000131047512117
3.97082923296e-05
-0.000139916617334
4.76584211713e-05
-0.000150614085288
5.69227127079e-05
-0.00016349971638
6.7796275018e-05
-0.000178926434843
8.06535604548e-05
-0.0001974011719
9.60156401907e-05
-0.00021954140603
0.000114190135732
-0.000245195704182
0.000134172258519
-0.000271146367479
0.000152918699757
-0.000290233651154
0.000171841683945
-0.000306228712853
0.000214097538301
-0.000327257070384
0.000362965381377
-0.000878342010779
-0.00131008857191
2.88404468108e-06
-0.000129740656967
5.82268528026e-06
-0.000121812277514
8.86019197046e-06
-0.000118080653041
1.20786607668e-05
-0.000118407270127
1.5595946202e-05
-0.000121978910454
1.95199497862e-05
-0.000127813722189
2.39575970603e-05
-0.000135475230718
2.89931288101e-05
-0.000144946596083
3.47855098966e-05
-0.000156407627012
4.14416428167e-05
-0.000170163152894
4.92550642021e-05
-0.000186754061668
5.84553637002e-05
-0.000206617870999
6.92573388192e-05
-0.00023036295405
8.17740645809e-05
-0.000257732876578
9.4000886938e-05
-0.000283391704588
0.000101349305436
-0.000297595649044
0.000101996912382
-0.000306883070809
0.000114592957748
-0.000339851575921
0.000221195471417
-0.000984989404088
-0.000959046005064
1.67884224922e-06
-0.000131416791996
3.42871382921e-06
-0.000123558526356
5.25784259592e-06
-0.000119904545966
7.21201814229e-06
-0.000120354404698
9.35428281162e-06
-0.000124112754348
1.1759192755e-05
-0.000130209839388
1.44731773444e-05
-0.000138181561143
1.7551097344e-05
-0.000148020739251
2.09960930113e-05
-0.000159854520823
2.49141116462e-05
-0.00017408827251
2.92498640165e-05
-0.000191103579225
3.41512472549e-05
-0.000211534477117
3.9627978118e-05
-0.0002358577046
4.50432283466e-05
-0.000263166833795
4.88307399061e-05
-0.000287196048321
4.83406171396e-05
-0.000297117788784
4.1675669105e-05
-0.000300223872595
5.48772178842e-05
-0.000353054219972
4.36086124602e-05
-0.000973773025289
-0.000829335076453
4.39034195245e-07
-0.000131854534826
9.37739759976e-07
-0.0001240552387
1.48800145529e-06
-0.000120451458102
2.10887684453e-06
-0.00012097038271
2.83617440362e-06
-0.000124833936784
3.68674999595e-06
-0.000131053889923
4.56900932195e-06
-0.00013905811552
5.63438903946e-06
-0.000149083491181
6.75846516548e-06
-0.000160980330579
7.80556318544e-06
-0.00017514123707
8.630470751e-06
-0.000191940149209
8.98547064567e-06
-0.000211902450398
8.44541226662e-06
-0.000235333040344
6.35202957746e-06
-0.000261089402147
2.35095989628e-06
-0.000283209269676
-1.00643491957e-06
-0.000293770746147
-2.1261695116e-06
-0.000299109002267
-1.1600158824e-05
-0.000343580257001
-8.17893490197e-05
-0.000903642051008
-0.000701247259572
-8.22078578358e-07
-0.000131032500573
-1.60154972897e-06
-0.00012327524985
-2.35900866269e-06
-0.000119692334691
-3.0917913966e-06
-0.000120234601936
-3.80904989836e-06
-0.000124112581279
-4.61884109539e-06
-0.000130239515364
-5.32231412388e-06
-0.000138350523988
-6.25562924362e-06
-0.000148148234671
-7.46936764898e-06
-0.000159767684436
-9.17967746305e-06
-0.000173435101281
-1.17468601694e-05
-0.000189381715097
-1.56766144174e-05
-0.000207982901464
-2.17311836421e-05
-0.000229290720439
-3.0770056209e-05
-0.000252063263128
-4.13833743533e-05
-0.000272607351198
-4.76450912503e-05
-0.000287517251499
-4.45708601765e-05
-0.000302187084295
-5.95618466699e-05
-0.000328590527598
-0.000164782392767
-0.000798383135819
-0.000623097099561
-2.13242510944e-06
-0.000128901153246
-4.20264222662e-06
-0.000121205634841
-6.22532432347e-06
-0.000117669290862
-8.33957731539e-06
-0.000118118851641
-1.0480942389e-05
-0.000121968735015
-1.26776745767e-05
-0.000128039758517
-1.51231072881e-05
-0.000135902222603
-1.78844933685e-05
-0.000145385328202
-2.11355255851e-05
-0.00015651702726
-2.52636609021e-05
-0.000169309498885
-3.06782009826e-05
-0.000183972992971
-3.78561772211e-05
-0.000200812365516
-4.7909204558e-05
-0.00021924680997
-6.19201659479e-05
-0.000238061868673
-7.70820692317e-05
-0.000257454041835
-8.75756202244e-05
-0.000277029888006
-8.9426511889e-05
-0.000300339031161
-0.000111998094066
-0.000306020282531
-0.000233348160339
-0.000676980549471
-0.000560754272836
-3.48844228939e-06
-0.000125414397988
-6.81769470279e-06
-0.00011787764996
-1.01160461646e-05
-0.000114371417021
-1.34382318585e-05
-0.000114796210449
-1.69327498447e-05
-0.000118472917473
-2.06168754921e-05
-0.000124353788752
-2.45927381469e-05
-0.000131924459196
-2.89755530803e-05
-0.000141001315193
-3.39254644932e-05
-0.000151566973003
-4.00940955327e-05
-0.000163142147391
-4.71343152886e-05
-0.000176936198374
-5.6351108194e-05
-0.000191600630636
-6.84529337923e-05
-0.000207151364656
-8.35676378516e-05
-0.000222953962663
-0.000100802074628
-0.000240225756266
-0.000115157095429
-0.000262679307242
-0.000124680652508
-0.000290817412466
-0.000147771177663
-0.000282930153821
-0.000257679497822
-0.000567094473799
-0.000497144505499
-4.8007777208e-06
-0.000120615471714
-9.34201185698e-06
-0.000113337891556
-1.38514816387e-05
-0.000109862810389
-1.84358884575e-05
-0.000110211950565
-2.32143735654e-05
-0.000113693912846
-2.8242880652e-05
-0.000119324284281
-3.36267859731e-05
-0.000126539399261
-3.94744976621e-05
-0.000135152734411
-4.60659602602e-05
-0.000144975169321
-5.31458317256e-05
-0.000156062829368
-6.16609701959e-05
-0.000168422874342
-7.17534292552e-05
-0.000181511418492
-8.43498771099e-05
-0.00019455914995
-9.91237234847e-05
-0.000208184708364
-0.000116428343627
-0.000222925329467
-0.000133148062594
-0.000245962622314
-0.000153306285235
-0.000270660463921
-0.000181023986346
-0.000255212568672
-0.000252419145035
-0.000495727234844
-0.000433710319796
-5.9707237284e-06
-0.000114646375642
-1.17750683355e-05
-0.000107534843671
-1.74607123368e-05
-0.00010417803117
-2.32328109403e-05
-0.000104440234179
-2.92200436996e-05
-0.000107706610473
-3.55031534483e-05
-0.00011304076229
-4.21388073675e-05
-0.000119903176591
-4.92892467603e-05
-0.000128001889057
-5.6979648738e-05
-0.00013728466251
-6.53269348039e-05
-0.000147715966715
-7.47446492713e-05
-0.000159006191602
-8.5492950163e-05
-0.000170765191099
-9.80851667306e-05
-0.000181969633677
-0.000112495261449
-0.000193777632052
-0.00012855800515
-0.000206865335453
-0.0001457775752
-0.000228745117572
-0.000168160052227
-0.000248278832912
-0.000197065014011
-0.000226307735958
-0.000243996208587
-0.000448809613854
-0.000373543406599
-7.25415817301e-06
-0.000107393133005
-1.40837047849e-05
-0.000100706002325
-2.08823549447e-05
-9.73798707961e-05
-2.77708321915e-05
-9.75520125883e-05
-3.49082124404e-05
-0.000100569334566
-4.23451632869e-05
-0.000105603802283
-5.01354952914e-05
-0.000112113041319
-5.84970797401e-05
-0.000119640586769
-6.70300147626e-05
-0.000128752247185
-7.62528341088e-05
-0.000138493517897
-8.61986360372e-05
-0.000149061650561
-9.70562587844e-05
-0.000159908902506
-0.000108744808442
-0.00017028296811
-0.000122408413323
-0.000180115885349
-0.000136834986538
-0.000192440763491
-0.000150766374827
-0.000214815024961
-0.000171876525503
-0.000227169329124
-0.000201208627316
-0.000196975910378
-0.000260220957241
-0.000389788831654
-0.000323211677647
-8.23761322305e-06
-9.91555046192e-05
-1.62209283681e-05
-9.27226277812e-05
-2.40363995544e-05
-8.95643155356e-05
-3.19975627721e-05
-8.95910350339e-05
-4.02428549071e-05
-9.23242095481e-05
-4.8803693669e-05
-9.70436506933e-05
-5.79075645978e-05
-0.000103009966656
-6.68751602374e-05
-0.00011067389198
-7.64188120816e-05
-0.000119209152725
-8.63268007869e-05
-0.000128586546777
-9.62842121228e-05
-0.000139105166926
-0.000106161692682
-0.000150032545027
-0.000115441312249
-0.00016100441012
-0.00012605381079
-0.000169504858005
-0.000137967442842
-0.000180528276402
-0.000150853760097
-0.00020192978461
-0.000166807058078
-0.000211216461915
-0.000197693325129
-0.000166089842496
-0.000277721155218
-0.000309758507369
-0.000289061394909
-9.31032374605e-06
-8.98445460367e-05
-1.81843314723e-05
-8.38480016252e-05
-2.69935558517e-05
-8.07549396919e-05
-3.59725107112e-05
-8.06119022411e-05
-4.52368738482e-05
-8.30605802407e-05
-5.49871932211e-05
-8.72940859252e-05
-6.48582763573e-05
-9.3139897041e-05
-7.50840362979e-05
-0.000100449823156
-8.57128598453e-05
-0.000108581685051
-9.66491648197e-05
-0.000117651246134
-0.000107284926079
-0.000128470775258
-0.000115625465659
-0.00014169327694
-0.000122185439389
-0.000154446102677
-0.000129041884907
-0.000162650036719
-0.000139042182723
-0.00017052985694
-0.000156368089354
-0.000184605249821
-0.000177755278852
-0.000189830080172
-0.000202006202029
-0.000141839173733
-0.000242534095496
-0.000269233274898
-0.000252366852309
-1.01825577788e-05
-7.96609012014e-05
-1.97823340744e-05
-7.4247336292e-05
-2.94155996898e-05
-7.1120962107e-05
-3.92758794269e-05
-7.0751904396e-05
-4.96370076743e-05
-7.26994669758e-05
-6.04210498172e-05
-7.65114906605e-05
-7.15821996397e-05
-8.19801672519e-05
-8.293406239e-05
-8.90989412371e-05
-9.49217409997e-05
-9.65950779174e-05
-0.000107688460926
-0.000104885564692
-0.000119721499901
-0.000116438763145
-0.000127336217814
-0.000134079497279
-0.000130025043262
-0.000151758202577
-0.000132749574727
-0.000159926341879
-0.000141413181546
-0.00016186703534
-0.000164078650051
-0.000161940369944
-0.000193305151224
-0.000160603841418
-0.000211323406419
-0.000123821007327
-0.000211977726597
-0.000268585501703
-0.000216050328921
-1.07598981892e-05
-6.89001279215e-05
-2.10365234762e-05
-6.39699891013e-05
-3.13832000341e-05
-6.07738477474e-05
-4.20652549873e-05
-6.00696907649e-05
-5.33743523893e-05
-6.1390941028e-05
-6.5405575865e-05
-6.4480883131e-05
-7.80586683297e-05
-6.93279724835e-05
-9.08572926546e-05
-7.63014051416e-05
-0.000105017729841
-8.24358570917e-05
-0.000121185923502
-8.87186206107e-05
-0.000136359766626
-0.000101266129779
-0.000143650637546
-0.000126789732164
-0.000139817331494
-0.000155592500078
-0.000137782379404
-0.000161962175675
-0.000145384397318
-0.000154265770887
-0.000170782796725
-0.000136542539037
-0.000203180679046
-0.000128206217701
-0.000222748163969
-0.00010425361149
-0.000231866368471
-0.000259472321725
-0.000185039667055
-1.1121838752e-05
-5.77774915831e-05
-2.1986668581e-05
-5.31044879225e-05
-3.27777538836e-05
-4.99823448634e-05
-4.41274349051e-05
-4.87198897247e-05
-5.6411373975e-05
-4.91072301438e-05
-7.02194186046e-05
-5.06734144615e-05
-8.5325845055e-05
-5.42224403423e-05
-0.000100103292981
-6.15250947159e-05
-0.000117592914234
-6.49475511394e-05
-0.000140019810727
-6.62931033042e-05
-0.000161272831849
-8.00144681105e-05
-0.00016847443287
-0.000119589360484
-0.00015315290307
-0.000170915129608
-0.000144012868003
-0.000171103164516
-0.000149247944606
-0.000149031496758
-0.000172976935495
-0.000112814153261
-0.000204944669018
-9.62387511547e-05
-0.000229092383531
-8.01058729058e-05
-0.000268101242374
-0.000220486330347
-0.000151374521688
-1.14788593985e-05
-4.62979720044e-05
-2.252978565e-05
-4.20530117809e-05
-3.36917193123e-05
-3.88200630457e-05
-4.53293478356e-05
-3.70821685856e-05
-5.83159962086e-05
-3.61207861671e-05
-7.41146884493e-05
-3.48752414729e-05
-9.33763945141e-05
-3.49615598897e-05
-0.000114855595473
-4.00469834704e-05
-0.000138160238555
-4.164423739e-05
-0.00016733249802
-3.71222929721e-05
-0.00019735337968
-4.99950165015e-05
-0.000209035568199
-0.000107908483124
-0.000170165211897
-0.000209786692523
-0.000154953412243
-0.000186316080756
-0.000160127467587
-0.000143858430036
-0.00018309848555
-8.98439293905e-05
-0.000211194558225
-6.81431166259e-05
-0.000234540624534
-5.67599658637e-05
-0.000294280253922
-0.000160749979388
-0.000111976118666
-1.15511625113e-05
-3.47463003033e-05
-2.26477993689e-05
-3.09559512657e-05
-3.38935949427e-05
-2.75739865352e-05
-4.62020277916e-05
-2.47736430173e-05
-6.10780331907e-05
-2.12449156171e-05
-8.00357643995e-05
-1.59179006336e-05
-0.000105749924222
-9.24805850287e-06
-0.000141021640238
-4.77627001348e-06
-0.000158989084535
-2.36781075383e-05
-0.000188741458436
-7.3713631897e-06
-0.000222910064356
-1.58278528863e-05
-0.000244999275979
-8.58206801126e-05
-0.000177034290284
-0.000277753118876
-0.000164233902253
-0.000199117881878
-0.000182131089327
-0.000125962583144
-0.000206862663227
-6.51134722924e-05
-0.000230294344411
-4.47120104859e-05
-0.000246777160172
-4.02774458076e-05
-0.000311758429072
-9.57690409783e-05
-7.01209601744e-05
-1.16042731748e-05
-2.31416498786e-05
-2.22880422602e-05
-2.0271857796e-05
-3.25171806744e-05
-1.73446033299e-05
-4.34946067312e-05
-1.37960825021e-05
-5.6897519416e-05
-7.84201230555e-06
-7.61360765417e-05
3.32046595972e-06
-0.000109306252111
2.39216473328e-05
-0.000163585838214
4.95025937908e-05
-0.000187264638067
-0.000194636730854
-0.000210465328689
-0.000296286806077
-0.000184993933888
-0.000389047501079
-0.000181235681658
-0.000202877738264
-0.000216168918784
-9.10308850096e-05
-0.000248050545332
-3.32330967475e-05
-0.000265795475368
-2.6967731166e-05
-0.000266682391689
-3.93908622669e-05
-0.00030129721647
-6.1156288083e-05
-1.77664429689e-05
-1.14105439776e-05
-1.17308314446e-05
-2.15270622389e-05
-1.01550887796e-05
-3.03729130374e-05
-8.49852306593e-06
-3.76380905389e-05
-6.53070942806e-06
-4.20168511168e-05
-3.46311807704e-06
-4.16837913086e-05
2.98742503561e-06
-2.92063243165e-05
1.14441122783e-05
2.02962993894e-05
-0.000159580106249
-0.000229469619853
-0.000251004350347
-0.000111455787709
-0.000292777207635
-4.92602591171e-05
-0.000311143814646
-1.4868394312e-05
-0.000318305871085
-1.98067665104e-05
-0.000317408250278
-4.02890931043e-05
-0.000357294926768
-2.12594610056e-05
1.36665707441e-05
-1.13410887793e-05
-3.89614341766e-07
-2.10664388507e-05
-4.29596457441e-07
-2.90663285092e-05
-4.98451298144e-07
-3.50057065649e-05
-5.91104748224e-07
-3.77469272969e-05
-7.2163949449e-07
-3.39152286369e-05
-8.4401669064e-07
-2.14620631527e-05
-1.00882252216e-06
-1.16548390647e-06
-0.000224697240883
-4.77370987338e-06
-0.00032957268623
-6.5817276063e-06
-0.000369631209014
-9.20300804563e-06
-0.000371292804159
-1.32078321791e-05
-0.000372134263944
-1.89657956553e-05
-0.00038517416748
-2.724933695e-05
-0.000413458875698
7.00928702154e-06
2.53485593953e-05
-1.13715259216e-05
1.09818695185e-05
-2.10870585698e-05
9.28594013855e-06
-2.91176148653e-05
7.53220940555e-06
-3.5105231377e-05
5.39673429755e-06
-3.78665983801e-05
2.04007317219e-06
-3.40681052236e-05
-4.6420970734e-06
-2.15623348191e-05
-1.35140088419e-05
-2.27275884977e-05
-0.000225480282015
0.000220705334846
-0.000332301794164
0.000100238530077
-0.000375438782598
3.39328098906e-05
-0.000385387975543
-3.25954863203e-06
-0.000400470032208
-3.8841238762e-06
-0.00043318586888
5.46682486117e-06
-0.000440339853673
1.41069794013e-05
3.01692286544e-05
-1.14751724375e-05
2.24568624618e-05
-2.16704531792e-05
1.94810949536e-05
-3.06526419131e-05
1.65143884119e-05
-3.80611064519e-05
1.2805346532e-05
-4.27637399114e-05
6.74298643252e-06
-4.23210593837e-05
-5.08432143249e-06
-2.97816799313e-05
-2.60529814072e-05
-5.2509051125e-05
-0.000162190291515
0.000382894657727
-0.000256163298342
0.000194210410184
-0.000302229135567
7.99976296771e-05
-0.000326093033443
2.06035983606e-05
-0.000347473293003
1.74958128313e-05
-0.0003849148122
4.29080341815e-05
-0.0004569734975
8.61703150558e-05
4.39420184596e-05
-1.16811847573e-05
3.41377128008e-05
-2.25313554663e-05
3.03309749017e-05
-3.29254610251e-05
2.69083505398e-05
-4.40887324803e-05
2.39686617867e-05
-5.77372751414e-05
2.03917874502e-05
-7.7682863797e-05
1.48616651875e-05
-0.000111678459635
7.94316889001e-06
-0.000167096455167
2.90933970726e-06
-0.000190477642777
2.33813602482e-05
-0.000197667345096
7.18992926469e-06
-0.00021333594016
1.56687555292e-05
-0.0002986972475
8.5361027462e-05
-0.000188798684137
0.000272994976248
-0.00018795608895
0.000193366477067
-0.00022571649518
0.000117756853435
-0.000262234037034
5.71206164755e-05
-0.000289544644563
4.48061973861e-05
-0.000324257764684
7.7620791366e-05
-0.000425745028623
0.000187671893951
6.79211593915e-05
-1.17108091636e-05
4.58481898622e-05
-2.29965117009e-05
4.16163487262e-05
-3.4454837617e-05
3.83663943604e-05
-4.70131041791e-05
3.65267088777e-05
-6.21766023229e-05
3.55551420961e-05
-8.15612596975e-05
3.4246238372e-05
-0.000107848182505
3.42300608782e-05
-0.000144207754446
3.92689307417e-05
-0.000162301069592
4.14747735003e-05
-0.000192165669335
3.70547067474e-05
-0.000226388328395
4.98916016665e-05
-0.000248590442637
0.000107563169498
-0.000182356448469
0.00020676086018
-0.000172668583872
0.000183678378183
-0.000194543677042
0.000139631455837
-0.000224951908697
8.7528561345e-05
-0.000253246924455
7.31011217698e-05
-0.000266720578417
9.10944622918e-05
-0.000305322860168
0.000226252330391
0.000110796687637
-1.16817449269e-05
5.75295422663e-05
-2.29119554727e-05
5.28461571525e-05
-3.42942281523e-05
4.9748276634e-05
-4.62783653436e-05
4.85104736593e-05
-5.96120774586e-05
4.88885155537e-05
-7.58768540371e-05
5.0510717637e-05
-9.54910182213e-05
5.38439963684e-05
-0.000117714494738
6.14922800489e-05
-0.000141286933272
6.50472214914e-05
-0.000170792863683
6.65607789111e-05
-0.000201353069561
8.04520283847e-05
-0.000213620480876
0.000119830805785
-0.000178099056167
0.000171239641985
-0.000165080642766
0.000170660096092
-0.000174448252996
0.000148999102123
-0.000200101692253
0.000113181907538
-0.000224721315095
9.7720714963e-05
-0.000219904804496
8.62778557584e-05
-0.000207262197592
0.00021361322005
0.000144632145404
-1.13293240186e-05
6.88584615234e-05
-2.23910969869e-05
6.39075109613e-05
-3.34506623493e-05
6.08074072396e-05
-4.49506568905e-05
6.00100136003e-05
-5.75134623421e-05
6.14508606815e-05
-7.15998288485e-05
6.45966426868e-05
-8.72000924245e-05
6.94438844649e-05
-0.000102451727943
7.67436598612e-05
-0.000120494028691
8.30894346233e-05
-0.000143190875241
8.92577150757e-05
-0.000165453792551
0.000102715170502
-0.00017373866138
0.000128116000469
-0.000159307165058
0.000156808538216
-0.0001522766676
0.000163629955131
-0.000160644702568
0.000157367510772
-0.00018696494602
0.000139502201994
-0.000215422802962
0.000126178646308
-0.000216227508421
8.70826945566e-05
-0.000177651300566
0.000175010472017
0.000173662168429
-1.09190891218e-05
7.9777192652e-05
-2.14101747878e-05
7.43982206816e-05
-3.19091519101e-05
7.13059690095e-05
-4.28866459578e-05
7.09870382665e-05
-5.43504862701e-05
7.29141875103e-05
-6.66844268012e-05
7.69300588868e-05
-7.97807166242e-05
8.25396976636e-05
-9.29386324489e-05
8.99012160374e-05
-0.000107393350842
9.75439725141e-05
-0.000123976275321
0.000105840663744
-0.000139557939735
0.000118297033408
-0.000147453868683
0.000136012289168
-0.000144665751173
0.000154020904505
-0.000143712756254
0.000162677440755
-0.00015227001308
0.000165925336425
-0.000178555364491
0.000165787691362
-0.000212472305506
0.000160095687965
-0.000229189466374
0.00010380000655
-0.00022444174034
0.000170237045023
0.000200423143623
-1.03282645663e-05
9.0105189419e-05
-2.00973100059e-05
8.41669728539e-05
-2.98939298155e-05
8.11022329631e-05
-3.99356928397e-05
8.1028359517e-05
-5.05910613403e-05
8.3569034274e-05
-6.1489677575e-05
8.78281108131e-05
-7.29729978555e-05
9.40224773742e-05
-8.45973907691e-05
0.000101525173383
-9.69227120186e-05
0.000109869038143
-0.000110296422391
0.000119214338215
-0.000122314834265
0.000130315610001
-0.000130544086803
0.000144241907186
-0.000133823204861
0.000157300552016
-0.000137079487697
0.000165934269273
-0.000145414585959
0.000174261105828
-0.000167349619135
0.000187722908031
-0.000197075654191
0.000189821793908
-0.00023034489294
0.000137069083347
-0.000304053122674
0.00024395410379
0.000221987583817
-9.47373724757e-06
9.95787628681e-05
-1.84640251892e-05
9.31570579825e-05
-2.74186012516e-05
9.00565209595e-05
-3.65525852415e-05
9.01619418993e-05
-4.5979468424e-05
9.29954067949e-05
-5.59566286811e-05
9.78046925018e-05
-6.60164239195e-05
0.00010408169917
-7.64525605666e-05
0.000111960832416
-8.73184483185e-05
0.000120734628685
-9.8531985324e-05
0.000130427807986
-0.000109513794117
0.000141297569853
-0.000118391505855
0.000153119993095
-0.000125439291881
0.000164348890756
-0.000132964619486
0.000173460165981
-0.000143377110625
0.000184674304489
-0.000160666750436
0.000205012740074
-0.000184321584388
0.000213476679609
-0.000219392453597
0.000172139633554
-0.000317588221352
0.000342171799797
0.000251854660193
-8.36709251086e-06
0.000107945777827
-1.64771513811e-05
0.000101266981604
-2.44100650445e-05
9.79891942804e-05
-3.24866225249e-05
9.82381261188e-05
-4.08517590684e-05
0.000101360044693
-4.95767750113e-05
0.000106529131482
-5.87104376879e-05
0.000113214786427
-6.79603200416e-05
0.000121210238426
-7.76457804627e-05
0.000130419800628
-8.77963736985e-05
0.000140578351682
-9.81785440009e-05
0.000151679916232
-0.000108141276747
0.000163083124541
-0.000118362608932
0.000174570777753
-0.000130068713813
0.00018516681589
-0.000144834560942
0.000199440831845
-0.00016406528711
0.00022424361847
-0.000191345634763
0.000240757063102
-0.000219258981409
0.000200052866875
-0.00025622805381
0.000379143394855
0.00030293948701
-7.36097164047e-06
0.000115306730244
-1.4290140611e-05
0.000108196049572
-2.11801406649e-05
0.00010487896633
-2.81582573086e-05
0.000105215864957
-3.5390662759e-05
0.000108591939817
-4.29378472993e-05
0.000114075731795
-5.0868434476e-05
0.000121144810879
-5.91684925125e-05
0.000129509863449
-6.78832834894e-05
0.00013913436996
-7.72615646754e-05
0.000149956655922
-8.73311691334e-05
0.000161749758049
-9.83628806349e-05
0.000174115262125
-0.000110408884702
0.000186617296647
-0.000124914553374
0.000199672922734
-0.000140064537868
0.000214591353068
-0.000155824617228
0.00024000373391
-0.000178338214529
0.000263270646249
-0.000205253517918
0.000226968291643
-0.000241511404227
0.000415377811806
0.000353393308334
-6.04669160705e-06
0.00012135340203
-1.19339398585e-05
0.000114083178249
-1.76931910826e-05
0.000110637948797
-2.35330246609e-05
0.000111055272158
-2.95841447219e-05
0.000114642511254
-3.59317274257e-05
0.000120422729531
-4.26278355788e-05
0.00012784041149
-4.98398862937e-05
0.000136721603498
-5.74922434838e-05
0.000146786673703
-6.5913751521e-05
0.000158378357788
-7.53811745504e-05
0.000171217544883
-8.62556620502e-05
0.000184990173628
-9.86094395748e-05
0.000198971436603
-0.000112802908148
0.000213866551894
-0.000128450733647
0.000230239333198
-0.000142958372315
0.000254511168706
-0.000160678590826
0.000280990702621
-0.000188554445256
0.000254844106175
-0.000250196675995
0.000477010661628
0.000402581046323
-4.86468151705e-06
0.000126218050287
-9.46618370152e-06
0.000118684526169
-1.40290385301e-05
0.000115200504474
-1.86627418482e-05
0.000115688544891
-2.34729599068e-05
0.000119452226115
-2.8519805262e-05
0.000125469091674
-3.39005805552e-05
0.000133220875343
-3.97158450636e-05
0.000142536815035
-4.63183761403e-05
0.000153389432573
-5.33119202689e-05
0.000165372301848
-6.17649883631e-05
0.000179671067318
-7.17092933704e-05
0.000194934718944
-8.39867973121e-05
0.000211248700943
-9.80930894135e-05
0.000227972376555
-0.000113939574071
0.000246085195079
-0.000128413797991
0.000268984761603
-0.000144912581977
0.000297489129869
-0.000178460298588
0.000288391879198
-0.000281659984933
0.000580183452385
0.000465919943042
-3.53514032428e-06
0.000129753112616
-6.90526754225e-06
0.000122054444196
-1.02324893672e-05
0.000118527358459
-1.35952712823e-05
0.000119050830292
-1.70858940792e-05
0.000122942299424
-2.07495564946e-05
0.00012913229583
-2.46652402455e-05
0.000137136332
-2.8960975626e-05
0.000146832680904
-3.38033834109e-05
0.00015823229169
-3.97947676888e-05
0.000171364311603
-4.6660244738e-05
0.000186536793826
-5.55600062739e-05
0.000203834136175
-6.72054964203e-05
0.000222892967065
-8.1890306975e-05
0.000242655005037
-9.83705779692e-05
0.000262563561942
-0.000112360018628
0.000282972959612
-0.000122637578809
0.000307766065095
-0.000151157645487
0.000316911902163
-0.000271624582042
0.000700609686916
0.000552876760701
-2.13748673354e-06
0.000131890477823
-4.21044434457e-06
0.000124127258474
-6.23238213743e-06
0.000120549169835
-8.31963032585e-06
0.00012113803299
-1.04293481625e-05
0.000125052114676
-1.26146280808e-05
0.000131317867647
-1.49658745394e-05
0.000139488086075
-1.76130133191e-05
0.000149480500273
-2.06992993567e-05
0.000161319489502
-2.46041365401e-05
0.000175269897672
-2.96585989867e-05
0.000191591583252
-3.64809441623e-05
0.000210655203837
-4.6079010342e-05
0.000232487582525
-5.93292821891e-05
0.000255901761334
-7.39986219692e-05
0.000277227855014
-8.4421560659e-05
0.000293393715114
-8.65200519982e-05
0.000309863455792
-0.000109423107255
0.000339813982992
-0.000237971565962
0.000829210232533
0.000628461116652
-7.96221142036e-07
0.000132686594865
-1.54018076026e-06
0.00012487118044
-2.27670980205e-06
0.000121285798779
-2.97395517049e-06
0.00012183560072
-3.66759251547e-06
0.000125746350413
-4.40752763778e-06
0.000132058677106
-4.9723572126e-06
0.000140053995105
-5.79859460821e-06
0.000150307874329
-6.83509420435e-06
0.000162356980888
-8.29215994723e-06
0.000176727519652
-1.04756035879e-05
0.000193774433389
-1.38816941127e-05
0.000214058856273
-1.93130403514e-05
0.000237913605428
-2.75840407284e-05
0.000264165050758
-3.72378764574e-05
0.000286874529866
-4.20090345028e-05
0.000298161863196
-3.59743332364e-05
0.000303827340664
-4.67988150748e-05
0.000350638116975
-0.000147008148409
0.000929430706068
0.000679165804988
4.97923988139e-07
0.000132188678809
1.0437753711e-06
0.00012432549962
1.64294153838e-06
0.000120687068818
2.31702792121e-06
0.000121162318875
3.1078319345e-06
0.000124956758602
4.06325588974e-06
0.000131104815213
4.99339308658e-06
0.00013912560561
6.23491292316e-06
0.00014906801839
7.56358497284e-06
0.00016102956004
8.89859368787e-06
0.000175393004672
1.01069279714e-05
0.000192565405675
1.09900928633e-05
0.00021317286475
1.11875402619e-05
0.000237710352173
1.00589803821e-05
0.00026528444824
7.27233487065e-06
0.000289652115814
5.42884697403e-06
0.000300001868512
5.57060522206e-06
0.000303684182771
7.58367446495e-06
0.000348625158434
-2.65581478496e-05
0.00096349121841
0.000729487825444
1.75259930455e-06
0.000130436292437
3.56534931956e-06
0.000122513215726
5.46014494944e-06
0.000118793131141
7.48577228409e-06
0.00011913805979
9.70771640674e-06
0.000122736713747
1.22098389839e-05
0.000128605007108
1.50328549069e-05
0.000136305058916
1.82728911149e-05
0.00014583022174
2.19492528023e-05
0.000157354765866
2.61637491949e-05
0.000171178987931
3.09011647337e-05
0.00018782706197
3.6317902757e-05
0.000207752913174
4.25016432482e-05
0.000231520639295
4.89214388095e-05
0.000258857716821
5.41916180155e-05
0.000284372657832
5.6015549747e-05
0.000298174517179
5.35507310363e-05
0.000306147631109
7.17726908114e-05
0.000330403597008
0.000105293377809
0.000929944247458
0.000804175626812
2.96319970367e-06
0.000127473558514
5.97801719784e-06
0.000119499187454
9.09193719711e-06
0.000115680505827
1.23911356433e-05
0.000115840795471
1.59986413681e-05
0.000119131783832
2.00311013952e-05
0.000124575595356
2.46022142448e-05
0.000131737122701
2.98118234975e-05
0.000140623437818
3.58365834948e-05
0.000151331952997
4.27895886126e-05
0.000164226608641
5.09802158797e-05
0.000179635493433
6.06617328314e-05
0.000198068167188
7.20854384128e-05
0.000220091318106
8.54078902552e-05
0.000245529020677
9.87487228885e-05
0.000271023435147
0.000107722995888
0.000289197483037
0.000109700685656
0.000304169016594
0.000116063564531
0.000324040738571
8.39820463784e-05
0.000962010079246
0.000919699999029
4.11807049593e-06
0.000123356174187
8.23325695857e-06
0.000115385050261
1.24538931566e-05
0.000111461516248
1.6927333348e-05
0.000111369749254
2.18224860919e-05
0.000114239760879
2.72911540894e-05
0.000119110583597
3.34784911899e-05
0.000125553564354
4.0571160561e-05
0.000133534125941
4.87326758134e-05
0.000143172802001
5.82786593552e-05
0.000154681558934
6.95015105141e-05
0.00016841198214
8.27669678136e-05
0.000184799974918
9.8593962382e-05
0.000204259883888
0.000117290275124
0.000226828190288
0.000137777590335
0.000250529784661
0.000156918383801
0.000270055165785
0.00017580520243
0.00028528196116
0.000211700689649
0.000288145394966
0.000305031721466
0.000868564102703
0.000869218880614
5.13546451496e-06
0.00011822149399
1.02516407264e-05
0.000110270025682
1.54844337695e-05
0.000106230536528
2.10588102057e-05
0.00010579801342
2.71239118307e-05
0.000108178109965
3.38596803139e-05
0.000112378846455
4.14645504958e-05
0.000117952872794
5.01739785555e-05
0.000124828450937
6.02401180793e-05
0.000133109404429
7.19449903758e-05
0.000142978001179
8.57334750307e-05
0.000154623297284
0.000101958514631
0.000168573064535
0.000121244828924
0.000184970937518
0.000144032602349
0.000204037547102
0.000169992277849
0.000224566957692
0.000197694089649
0.000242352843223
0.000228250489962
0.000254725198826
0.00026890362558
0.000247492998304
0.000490645774169
0.000647109109157
0.000728099582997
5.9910576239e-06
0.00011223112535
1.19842553395e-05
0.000104277853918
1.81258974873e-05
0.000100090610225
2.46170775356e-05
9.93094243768e-05
3.16740406674e-05
0.000101124602386
3.95039496973e-05
0.000104553031887
4.83348569793e-05
0.000109126267919
5.8416804746e-05
0.000114750442728
7.00434299658e-05
0.000121485774879
8.35649386302e-05
0.000129458137841
9.93338021293e-05
0.00013885467948
0.000117956503257
0.00014994940039
0.000139920968162
0.000163004820766
0.000165672652679
0.00017828450595
0.000195384861984
0.000194853078185
0.000229463155818
0.000208274868868
0.00026728769929
0.000216900441067
0.000303511191368
0.000211265008937
0.000434495389939
0.000516677127432
8.08252801026e-05
6.72502492935e-06
0.000105506097562
1.34386247366e-05
9.75646546976e-05
2.02992878175e-05
9.32311154186e-05
2.75447270359e-05
9.20661560003e-05
3.54070476091e-05
9.32655030134e-05
4.41145845521e-05
9.58495888793e-05
5.39109510071e-05
9.93344559475e-05
6.50743003808e-05
0.000103591509477
7.79173541051e-05
0.000108646326368
9.2807010689e-05
0.00011457072124
0.000110183456154
0.000121478884667
0.000130580675078
0.000129551328546
0.000154575448481
0.000139008209808
0.000182714121945
0.000150143848529
0.000215591097137
0.000161974094172
0.00025329357486
0.000170571102681
0.000296867575238
0.000173326178956
0.000331638919283
0.000176493115257
0.000318569317831
0.000529655180056
0.000150400153701
7.30425700218e-06
9.8200852246e-05
1.45628879446e-05
9.03055221767e-05
2.19782132563e-05
8.58162412349e-05
2.97917669355e-05
8.42543333829e-05
3.82553476292e-05
8.48050602759e-05
4.7610259909e-05
8.64990737347e-05
5.81114565184e-05
8.88384604018e-05
7.00357936239e-05
9.16724242796e-05
8.37299908381e-05
9.49565113638e-05
9.95787132939e-05
9.87246372193e-05
0.000118050453476
0.000103007517048
0.000139702480068
0.000107897436426
0.00016510534195
0.000113601826573
0.000194920809027
0.000120324208764
0.000229746169808
0.000127144585389
0.000269597416793
0.000130716742714
0.000314490032134
0.000128430912824
0.000349549879817
0.000141431970168
0.000330339489592
0.000548823395652
0.000964070044692
7.69417296979e-06
9.05050135299e-05
1.53382220562e-05
8.26603049251e-05
2.31305294032e-05
7.8023780276e-05
3.13300473907e-05
7.60560645584e-05
4.01864868115e-05
7.59514412623e-05
4.99464524384e-05
7.67433779476e-05
6.08669664068e-05
7.79231808115e-05
7.32460089715e-05
7.92987515181e-05
8.74040902683e-05
8.08028681626e-05
0.000103761001897
8.23701954279e-05
0.000122779537158
8.39888404869e-05
0.000145054817047
8.56193445884e-05
0.000171193025273
8.74588878943e-05
0.000201846689748
8.96647452756e-05
0.000237636998409
9.13488597507e-05
0.000278136631237
9.02129191303e-05
0.000321504018067
8.50594546308e-05
0.000357146321526
0.000105791826448
0.000190927414039
0.000714998139131
0.002232052359
7.91739842579e-06
8.25849998719e-05
1.57725901849e-05
7.48030251138e-05
2.37698708218e-05
7.00256983887e-05
3.21620207599e-05
6.7664982171e-05
4.11987600584e-05
6.6917950378e-05
5.1123965795e-05
6.68235208431e-05
6.21864716777e-05
6.68675545172e-05
7.46713463263e-05
6.68212003276e-05
8.8909315987e-05
6.65712123683e-05
0.000105298800707
6.59845174848e-05
0.000124316387434
6.49714846457e-05
0.000146533931769
6.33982957297e-05
0.000172713741884
6.12725819174e-05
0.000203591831316
5.87788031939e-05
0.000238799420916
5.61333801665e-05
0.000279161483086
4.98449146036e-05
0.000323667649138
4.05506383998e-05
0.000376799864338
5.26579970237e-05
0.000532002773844
0.000559812777256
0.00136328924472
7.99740463209e-06
7.45859102699e-05
1.58949866306e-05
6.69040193698e-05
2.39260294502e-05
6.19938706357e-05
3.23271845961e-05
5.92639591936e-05
4.13337475067e-05
5.79125770198e-05
5.1173464709e-05
5.6985999573e-05
6.2097569373e-05
5.59463611266e-05
7.4346484181e-05
5.45753754912e-05
8.82580490741e-05
5.26622118616e-05
0.000104186418556
5.00574870855e-05
0.000122611149409
4.65463918224e-05
0.000144036604516
4.19707227373e-05
0.000169142941311
3.61627673677e-05
0.000198590287865
2.93273764003e-05
0.000233098786358
2.1621057675e-05
0.000271032668696
1.19084749717e-05
0.000315853883132
-4.27128049077e-06
0.000379605972479
-1.10979485206e-05
0.000832242437128
0.000107194081692
-0.00247588455917
7.89951095894e-06
6.66848066705e-05
1.571909569e-05
5.90830463811e-05
2.36244176653e-05
5.40876621114e-05
3.18514796251e-05
5.1036727228e-05
4.06332415331e-05
4.91314700987e-05
5.01495332632e-05
4.74711499489e-05
6.06622950648e-05
4.54356076138e-05
7.23823746818e-05
4.28574613098e-05
8.55927768418e-05
3.94535969015e-05
0.0001005862345
3.50649060943e-05
0.000117803638027
2.93285922459e-05
0.000137754023915
2.201862096e-05
0.000160964874923
1.29491873361e-05
0.000187975845801
2.31324827832e-06
0.00021906447756
-9.47044887982e-06
0.000253009015706
-2.20378967489e-05
0.000292042075421
-4.33049570144e-05
0.000338186178144
-5.72407707414e-05
0.000475458238571
-3.00674442833e-05
-0.00251820782349
7.6874103379e-06
5.89959146979e-05
1.52715360953e-05
5.14976051694e-05
2.28965678583e-05
4.64617071041e-05
3.07852085036e-05
4.31477182212e-05
3.91463297513e-05
4.07706178375e-05
4.81842915628e-05
3.84340666099e-05
5.80387191855e-05
3.55825055998e-05
6.8934416512e-05
3.19632264071e-05
8.11037088687e-05
2.72855041117e-05
9.48201788121e-05
2.13489687634e-05
0.000110368838028
1.37795323231e-05
0.00012814376495
4.24232495628e-06
0.000148614669989
-7.52380884353e-06
0.000172195481061
-2.12699257438e-05
0.000198435187554
-3.5712240275e-05
0.000226883366582
-5.0487346549e-05
0.000258988654268
-7.54106010576e-05
0.000297333337196
-9.55858857238e-05
0.00031282245372
-4.5561279666e-05
-0.00165215196411
7.38019635979e-06
5.16143772464e-05
1.45886201196e-05
4.42879650679e-05
2.17956872675e-05
3.92537090394e-05
2.9206232461e-05
3.5736644838e-05
3.70054573535e-05
3.29713283996e-05
4.53458611257e-05
3.00940496813e-05
5.43595266667e-05
2.65695725598e-05
6.4225609715e-05
2.20980070465e-05
7.50823960006e-05
1.64294288367e-05
8.7151623034e-05
9.28000689182e-06
0.000100595958993
3.34820552187e-07
0.000115758114347
-1.09208740023e-05
0.000132844866661
-2.46120862127e-05
0.000152098907839
-4.05256395189e-05
0.00017311263331
-5.6727387355e-05
0.000194641071243
-7.20166033684e-05
0.000220200476405
-0.000100970312623
0.000248902754337
-0.000124283595515
0.000180283720237
2.30639480976e-05
-0.000776922278283
6.96787669896e-06
4.46453228704e-05
1.36786159229e-05
3.7576133234e-05
2.03723813124e-05
3.25590333823e-05
2.72049524051e-05
2.89032772185e-05
3.43019743912e-05
2.58737696815e-05
4.1822452423e-05
2.25733071084e-05
4.98547312908e-05
1.85373157862e-05
5.84985072215e-05
1.34544027756e-05
6.78642950313e-05
7.06383667087e-06
7.80220008671e-05
-8.77706114936e-07
8.91818618694e-05
-1.08253564283e-05
0.000101340352155
-2.30801454898e-05
0.000114620775069
-3.7893578336e-05
0.000128995984201
-5.49019524333e-05
0.000144248361274
-7.19806223426e-05
0.000160046751047
-8.78154058609e-05
0.000179735614699
-0.000120659258868
0.0002051479159
-0.000149696335036
0.000232356398872
-4.1310377017e-06
-0.000351337563687
6.42929500662e-06
3.82150418223e-05
1.26138030447e-05
3.13906381035e-05
1.86948475095e-05
2.64766097139e-05
2.48425315103e-05
2.27543392209e-05
3.11856225586e-05
1.95294563754e-05
3.77898198546e-05
1.59681405666e-05
4.472678298e-05
1.15995619219e-05
5.20557466874e-05
6.12500349988e-06
5.98023977324e-05
-6.83106221244e-07
6.80261641565e-05
-9.10158265991e-06
7.66786245448e-05
-1.94782490334e-05
8.57238042625e-05
-3.21257714374e-05
9.50936838127e-05
-4.72640948699e-05
0.00010457538778
-6.43842374058e-05
0.000114355860333
-8.17614085633e-05
0.000125768636412
-9.9228257484e-05
0.000139439701897
-0.00013433043557
0.000156335798283
-0.000166576369929
0.000218668293672
-6.64814020362e-05
-0.000191053311923
5.84583099687e-06
3.23682249506e-05
1.14013720121e-05
2.58336899564e-05
1.68286258954e-05
2.1048001971e-05
2.2247884729e-05
1.73333718967e-05
2.77547185808e-05
1.40210733454e-05
3.34096610643e-05
1.03116818599e-05
3.92089416535e-05
5.79911473755e-06
4.51957983108e-05
1.37231892666e-07
5.13295027261e-05
-6.81726919984e-06
5.75711460198e-05
-1.53436821266e-05
6.38104271083e-05
-2.57175366856e-05
6.99018499829e-05
-3.82175615776e-05
7.55450520069e-05
-5.29075623521e-05
8.05825443736e-05
-6.94218578727e-05
8.54383095991e-05
-8.66171255903e-05
9.24840922541e-05
-0.000106273870076
9.85658993372e-05
-0.000140412195849
0.000102554219987
-0.000170546336421
0.000145883822908
-0.000109818421462
-9.53388634642e-05
5.19109308595e-06
2.71762253438e-05
1.01240695491e-05
2.08997853515e-05
1.48742667126e-05
1.62963340583e-05
1.9534967401e-05
1.26698571635e-05
2.4191951269e-05
9.36175239989e-06
2.88610102125e-05
5.64045177134e-06
3.3558608539e-05
1.09958030804e-06
3.82020945559e-05
-4.50761103256e-06
4.27557788882e-05
-1.13718670471e-05
4.71154665981e-05
-1.97036076481e-05
5.11250813564e-05
-2.97275322252e-05
5.45269061643e-05
-4.16190629406e-05
5.71508768711e-05
-5.55315972446e-05
5.87432171207e-05
-7.10141640346e-05
5.97419704033e-05
-8.76156037627e-05
6.07865897542e-05
-0.000107318166496
5.86879084075e-05
-0.000138313324408
5.18952770461e-05
-0.000163749045781
6.28094782841e-05
-0.000120718708509
-5.83480076778e-05
4.58232133856e-06
2.25933275955e-05
8.89379097638e-06
1.65866836881e-05
1.29101692545e-05
1.22784149136e-05
1.68012147458e-05
8.77768308977e-06
2.06218217594e-05
5.53986037713e-06
2.43406265548e-05
1.92035645477e-06
2.7922708415e-05
-2.48366087847e-06
3.12821572892e-05
-7.86790899525e-06
3.43325486422e-05
-1.44227681752e-05
3.69440059741e-05
-2.23151840842e-05
3.89714487905e-05
-3.1754241375e-05
4.01401950583e-05
-4.27873051123e-05
4.02550486143e-05
-5.56453770069e-05
3.92608669784e-05
-7.00193478939e-05
3.72102279003e-05
-8.55643412664e-05
3.12693781068e-05
-0.000101376886759
1.94934204489e-05
-0.00012653727663
-1.71151744e-06
-0.000142524815021
-9.66062643368e-06
-0.000112781812718
-4.0687723653e-05
3.99081642555e-06
1.86024594008e-05
7.57078783272e-06
1.30059598902e-05
1.09358704075e-05
8.91260627933e-06
1.41220916465e-05
5.5904821637e-06
1.71240825455e-05
2.53671826185e-06
1.99382335463e-05
-8.94979812671e-07
2.25080041958e-05
-5.05446483404e-06
2.46784422097e-05
-1.00390675998e-05
2.63720510018e-05
-1.61166895231e-05
2.73895844414e-05
-2.33322587382e-05
2.74994557443e-05
-3.18630190135e-05
2.66865864346e-05
-4.1973204324e-05
2.44884069704e-05
-5.34456393647e-05
2.08676674007e-05
-6.63976512191e-05
1.56082417207e-05
-8.03040683912e-05
7.80919165328e-06
-9.35772727767e-05
-6.70657965056e-06
-0.000112021479391
-3.71732498685e-05
-0.000112043351005
-5.64915157072e-05
-9.34737055986e-05
-2.68854467705e-05
3.32271813888e-06
1.52794292638e-05
6.32322687086e-06
1.00051375776e-05
9.0646191172e-06
6.1705280485e-06
1.15568353905e-05
3.09733735057e-06
1.38114910651e-05
2.80966627712e-07
1.57810458453e-05
-2.86562285231e-06
1.73600455205e-05
-6.63437118463e-06
1.85334301035e-05
-1.12129952827e-05
1.90609249781e-05
-1.66441822816e-05
1.87323098199e-05
-2.30027629164e-05
1.73474858038e-05
-3.04766649601e-05
1.45189157172e-05
-3.91420498218e-05
1.0070954008e-05
-4.8996362848e-05
3.66643164851e-06
-5.99919260025e-05
-4.52180563275e-06
-7.21148101873e-05
-1.44357810323e-05
-8.36626547029e-05
-3.07525431089e-05
-9.5704580482e-05
-6.10327746626e-05
-8.17543099255e-05
-8.47119420803e-05
-6.97998210252e-05
-1.54285554579e-05
2.81033125871e-06
1.24689369498e-05
5.24366276758e-06
7.57132257463e-06
7.34668248882e-06
4.06678056009e-06
9.19030162723e-06
1.2527703127e-06
1.07661605006e-05
-1.29595034261e-06
1.20156960751e-05
-4.11616513963e-06
1.28389043377e-05
-7.45834168271e-06
1.30768944905e-05
-1.145135547e-05
1.25393795847e-05
-1.61063836635e-05
1.11093175415e-05
-2.15712446646e-05
8.45384640712e-06
-2.7819420174e-05
4.21289484703e-06
-3.48985532522e-05
-2.07212751362e-06
-4.27098274324e-05
-1.0841512879e-05
-5.12211772802e-05
-2.20807949878e-05
-6.08744052447e-05
-3.55475783998e-05
-7.01951876357e-05
-5.3329397471e-05
-7.79225895225e-05
-7.99569672643e-05
-5.51206411609e-05
-0.000101389106428
-4.8370681117e-05
-8.54894925322e-06
2.27687811911e-06
1.01916632169e-05
4.19272468668e-06
5.65486736191e-06
5.77819762097e-06
2.48048368253e-06
7.06065753128e-06
-3.06748465367e-08
8.04279623001e-06
-2.27912776075e-06
8.65667073126e-06
-4.73096229961e-06
8.80403831902e-06
-7.6063468406e-06
8.32974289534e-06
-1.0977277095e-05
7.05109245481e-06
-1.48268583922e-05
4.76855265004e-06
-1.92871296815e-05
1.18351316027e-06
-2.42324257667e-05
-4.0543244493e-06
-2.96581249445e-05
-1.14769453862e-05
-3.5285653556e-05
-2.16642325683e-05
-4.10324820131e-05
-3.49577566721e-05
-4.75797322509e-05
-5.10166580693e-05
-5.4135605611e-05
-7.01113375792e-05
-5.88277369755e-05
-9.2991358758e-05
-3.22348772011e-05
-0.000109693687387
-3.16711479302e-05
-7.74389405949e-06
1.88822222556e-06
8.30287792115e-06
3.29418235713e-06
4.24814729802e-06
4.38558118292e-06
1.38815852689e-06
5.19026541655e-06
-8.36388848436e-07
5.68678369848e-06
-2.77666456552e-06
5.79663651866e-06
-4.84166896895e-06
5.40636033811e-06
-7.21660587753e-06
4.37049962684e-06
-9.94131304372e-06
2.57568337196e-06
-1.30311640874e-05
-2.78272624452e-07
-1.64316043663e-05
-4.37451690552e-06
-2.01330630514e-05
-1.01077593184e-05
-2.39233746839e-05
-1.79305467542e-05
-2.74613972617e-05
-2.84361923323e-05
-3.0525480909e-05
-4.23298459971e-05
-3.36849777942e-05
-5.97480622836e-05
-3.67167504211e-05
-7.93772929832e-05
-3.91983628887e-05
-9.97278575539e-05
-1.18767997235e-05
-0.000113783457812
-1.76200663e-05
-8.23494962036e-06
1.42724850036e-06
6.87490328114e-06
2.48633379845e-06
3.18816523883e-06
3.20246846168e-06
6.7100851497e-07
3.61702694261e-06
-1.25201022336e-06
3.71402757923e-06
-2.87466532246e-06
3.42781739904e-06
-4.55625975188e-06
2.6375432745e-06
-6.42676852293e-06
1.27254199637e-06
-8.57622915603e-06
-8.97026486355e-07
-1.08607834423e-05
-3.98054667771e-06
-1.33461477975e-05
-8.29364338121e-06
-1.58187084413e-05
-1.41096435529e-05
-1.810605656e-05
-2.17526590014e-05
-1.98170573473e-05
-3.17943297989e-05
-2.04825749697e-05
-4.49900684655e-05
-2.04882375828e-05
-6.22764812954e-05
-1.94297622077e-05
-8.13321158136e-05
-2.01426144219e-05
-9.98466619249e-05
6.64631206741e-06
-0.000112832274338
-4.63997672795e-06
-6.89351539186e-06
1.11108583094e-06
5.76295929522e-06
1.82773468742e-06
2.47051509626e-06
2.21693335375e-06
2.80732121853e-07
2.31565858129e-06
-1.3518145229e-06
2.11814673031e-06
-2.678133312e-06
1.53338472734e-06
-3.97226394236e-06
5.37545866439e-07
-5.43136628649e-06
-1.07324890728e-06
-6.96539651264e-06
-3.34749833347e-06
-8.58607781185e-06
-6.51120047462e-06
-1.01812700156e-05
-1.07532815836e-05
-1.15755891904e-05
-1.631908588e-05
-1.25391288823e-05
-2.34261955608e-05
-1.27087984988e-05
-3.24780278999e-05
-1.1429661967e-05
-4.4323041078e-05
-8.64234028577e-06
-6.00923464942e-05
-3.65995076881e-06
-7.709793503e-05
-3.1369290712e-06
-9.31948595964e-05
2.27517183446e-05
-0.000104512221896
6.6719235119e-06
-4.31045666106e-06
8.5940434513e-07
4.90260440381e-06
1.27995499851e-06
2.04889502427e-06
1.40950004002e-06
1.50075659515e-07
1.27702269518e-06
-1.22041476596e-06
8.59193991988e-07
-2.26125927269e-06
1.35478473116e-07
-3.2492857818e-06
-1.02301200134e-06
-4.27333331968e-06
-2.67176158061e-06
-5.31671073522e-06
-4.97166897014e-06
-6.28568505878e-06
-8.00240673988e-06
-7.14943346297e-06
-1.19309272771e-05
-7.6457886801e-06
-1.69293397227e-05
-7.5397827056e-06
-2.32365928425e-05
-6.40057420885e-06
-3.11470041544e-05
-3.51831919551e-06
-4.12515575141e-05
1.46298739646e-06
-5.43268571548e-05
9.41579649183e-06
-6.7900650615e-05
1.04369333254e-05
-8.07194903973e-05
3.55805455477e-05
-8.90676984122e-05
1.50132611794e-05
-2.13723787935e-06
6.15743383479e-07
4.28585412061e-06
8.11939575894e-07
1.85159219231e-06
7.76045724288e-07
1.84847206869e-07
4.87846820987e-07
-9.33277742962e-07
-5.06214455339e-08
-1.72371511074e-06
-8.61804342531e-07
-2.43880841909e-06
-2.0405418905e-06
-3.09502965811e-06
-3.65144181564e-06
-3.70589517732e-06
-5.74828151527e-06
-4.18851104832e-06
-8.47915894666e-06
-4.41798133471e-06
-1.19598775088e-05
-4.16407828919e-06
-1.62579684787e-05
-3.24091808035e-06
-2.15482066525e-05
-1.10951037943e-06
-2.78647606932e-05
2.79905016226e-06
-3.57932804531e-05
9.39220482713e-06
-4.50689057822e-05
1.86918344671e-05
-5.44312884853e-05
1.97993923604e-05
-6.2567657695e-05
4.37253765833e-05
-6.73346506218e-05
1.97747820373e-05
-2.19538922437e-06
3.86314680441e-07
3.8985024331e-06
4.63280568478e-07
1.77350346269e-06
3.05696144405e-07
3.41313318547e-07
-8.0072036812e-08
-5.48546944649e-07
-6.59820784827e-07
-1.14485105681e-06
-1.50329144532e-06
-1.59600374599e-06
-2.62150300329e-06
-1.97721789129e-06
-4.08576032467e-06
-2.24171525319e-06
-5.92537707845e-06
-2.34862221767e-06
-8.2308405181e-06
-2.11198582157e-06
-1.10327373763e-05
-1.36134067502e-06
-1.44702964759e-05
1.9732165891e-07
-1.85486157219e-05
2.96955223077e-06
-2.33735461619e-05
7.62473950654e-06
-2.8847095964e-05
1.48664220012e-05
-3.41069168178e-05
2.39520609279e-05
-3.83155978928e-05
2.40081496398e-05
-4.20403154656e-05
4.7458415434e-05
-4.21743440286e-05
1.99033100206e-05
-5.8983426731e-06
1.75723369027e-07
3.72172658327e-06
1.4795042112e-07
1.80014832718e-06
-4.35447688827e-08
5.31701721158e-07
-4.07499348154e-07
-1.85600382121e-07
-9.66322302139e-07
-5.86867117138e-07
-1.74586084139e-06
-8.17076724661e-07
-2.74030523707e-06
-9.83120984445e-07
-3.97089256506e-06
-1.01116549093e-06
-5.49094644673e-06
-8.28188676342e-07
-7.27761791481e-06
-3.24751264261e-07
-9.36999035787e-06
7.31892351832e-07
-1.17942028826e-05
2.62220376788e-06
-1.45173130299e-05
5.69340203165e-06
-1.76140755895e-05
1.0722268335e-05
-2.01378975613e-05
1.73909293417e-05
-2.08983814094e-05
2.47129638085e-05
-2.08564291636e-05
2.39662603698e-05
-1.97341286958e-05
4.63458378045e-05
-1.6997291206e-05
1.7159288518e-05
-1.1174664284e-05
1.88437129023e-08
3.7018194469e-06
4.0900114648e-08
1.77696180942e-06
-6.00370051162e-08
6.31545005437e-07
-3.44908495071e-07
9.82949961344e-08
-8.41313772578e-07
-9.1251325313e-08
-1.48668636476e-06
-1.72251671793e-07
-2.31249436158e-06
-1.57591170406e-07
-3.26105743549e-06
-6.24673497007e-08
-4.32163720102e-06
2.32896858428e-07
-5.50281295324e-06
8.57063345083e-07
-6.74253710013e-06
1.97253533778e-06
-8.00195910963e-06
3.88233542959e-06
-9.26324314742e-06
6.9554756235e-06
-1.01701743771e-05
1.1630020643e-05
-1.05816048318e-05
1.78030872561e-05
-6.56005699609e-06
2.06918532774e-05
-3.39592322385e-06
2.08021400191e-05
2.60899457505e-06
4.03531507072e-05
5.17125668501e-06
1.45870909981e-05
-1.42465984068e-05
1.27949142475e-07
3.57272728397e-06
3.65089544259e-07
1.53867381609e-06
4.43377589504e-07
5.52178079469e-07
3.05997887422e-07
2.34736448453e-07
-2.11303810298e-08
2.35147213049e-07
-4.72852448751e-07
2.7899824487e-07
-9.93279313243e-07
3.62678823743e-07
-1.57446884182e-06
5.19025269706e-07
-2.14769151551e-06
8.06718988023e-07
-2.6206184624e-06
1.33122792057e-06
-2.90955143538e-06
2.26220341677e-06
-2.90026287269e-06
3.87384430469e-06
-2.47954433167e-06
6.53562992778e-06
-1.46861440765e-06
1.06199745615e-05
1.09900853566e-06
1.52362235768e-05
7.72915147049e-06
1.40621157182e-05
1.4166891727e-05
1.43645125143e-05
2.85405600885e-05
2.59951814597e-05
3.85799761012e-05
4.53472273273e-06
-2.9277771351e-05
8.59311817427e-07
2.71223266025e-06
1.45598601359e-06
9.40855258462e-07
1.72973564647e-06
2.77378239481e-07
1.77131630225e-06
1.92269129744e-07
1.69678057232e-06
3.09018639957e-07
1.56783899765e-06
4.07538233919e-07
1.44084266404e-06
4.89625024405e-07
1.3518908874e-06
6.08406848474e-07
1.37054008864e-06
7.88826531318e-07
1.61332241131e-06
1.0895661944e-06
2.31934764499e-06
1.55701031596e-06
3.59093781926e-06
2.60313749021e-06
5.98655997874e-06
4.14093782265e-06
9.69097128616e-06
6.91646539374e-06
1.49583526391e-05
9.96957643585e-06
2.25889668861e-05
6.43186303008e-06
2.82102180058e-05
8.74337033843e-06
5.28196446563e-05
1.40245227551e-06
7.30673661594e-05
-1.57299302307e-05
-6.35622666406e-05
2.71164599057e-06
3.651950899e-06
3.92884797422e-06
4.12073570857e-06
4.42949672583e-06
4.83691240788e-06
5.32668621837e-06
5.93544009172e-06
6.72472073786e-06
7.81506469225e-06
9.37251771967e-06
1.19761217489e-05
1.61175290038e-05
2.30344110256e-05
3.30042758136e-05
3.94362515136e-05
4.8179589358e-05
4.95757294701e-05
3.38531700211e-05
)
;

boundaryField
{
    back
    {
        type            calculated;
        value           uniform 0;
    }
    sides
    {
        type            calculated;
        value           uniform 0;
    }
    bottom
    {
        type            calculated;
        value           uniform 0;
    }
    front
    {
        type            calculated;
        value           uniform 0;
    }
    atmosphere
    {
        type            calculated;
        value           nonuniform List<scalar> 
100
(
-4.29284496064e-05
0.000104299600105
5.54970509843e-05
1.18524195055e-05
-9.99387195642e-06
-3.79991324232e-05
-6.70235467142e-05
-9.10168320314e-05
-0.000108858035699
-0.000119639466682
-0.000121053609664
-0.000116348278934
-0.000107570316066
-9.01433425994e-05
-6.56724745857e-05
-4.18694688511e-05
9.33415629381e-06
-1.96268909274e-05
-6.3663972535e-05
0.000317621795932
0.00111788156549
0.000214445182428
0.000173395191472
-5.51419291727e-05
-0.00023969909165
0.00466702014766
-0.00077834527453
-0.000520433297563
-0.000242624831933
-0.000300693179726
0.00209697127285
-0.000129927843741
-8.60503424806e-05
-0.000209828115272
-0.000242970515127
-0.00029574184083
-0.000321270467424
-0.000315827300306
-0.000304150493798
-0.00031056038959
-0.000311873951193
-0.000279226206604
-0.000248287981412
-0.000262871644106
-0.000301744903339
-0.000333675017598
-0.000353612951498
-0.000353649785581
-0.000388736936237
-0.00042512496736
-0.000445107753584
-0.000470749666236
-0.000449737179529
-0.000348178280505
-0.000241099696609
-0.000206655870957
-0.000251178239718
-0.00032562557584
-0.000347475796808
-0.000307315096848
-0.000291943258443
-0.000299374293316
-0.000344972860099
-0.000358544628591
-0.000313603831675
-0.000197723225756
-7.68009641041e-05
3.06327410971e-05
-3.15205940346e-05
0.000355826058716
0.000631363792358
0.00108075641805
0.000249405657055
-0.000483282261735
-0.00107700848429
0.00140075800709
0.0046713897576
0.000517777312236
-0.000553232518756
-0.000694951837863
-0.000193230182042
5.84077504076e-05
5.01688157082e-05
2.58339014812e-05
-2.7318557006e-05
-7.02920639986e-05
-9.61673788722e-05
-0.000108267374341
-0.000110497432104
-0.00011329109712
-0.00011417240927
-0.000107093989164
-9.12396519613e-05
-6.72753086978e-05
-3.84703174101e-05
-1.17199561596e-05
8.24413184578e-06
5.36122451387e-05
0.000107352600115
-2.97087275395e-05
)
;
    }
    floatingObject
    {
        type            calculated;
        value           uniform 0;
    }
}


// ************************************************************************* //
